9529
1 620
3 620
5
5
5
1 774
5
1 893
2 774 893
1 610
4 774 893
3 893
1 1946
1 2032
1 701
3 1946
3 774
2 701 2032
5
5
3 2032
1 972
2 610 972
2 610 701
1 1677
5
4 610 972
2 701 972
1 2642
3 610
4 701 972
5
1 2059
2 701 2642
1 187
1 1482
3 187
5
5
1 1314
4 701 2642
1 569
5
2 569 972
4 569 972
1 2340
5
3 1482
2 1314 1677
1 3469
1 3463
1 3923
4 1314 1677
1 117
2 1314 3923
1 3098
3 972
5
4 1314 3923
3 2340
5
5
5
1 162
1 561
2 561 3923
4 561 3923
2 569 2642
2 561 3923
1 3020
2 3020 3469
1 915
4 3020 3469
3 915
4 561 3923
5
2 569 2059
4 569 2059
4 569 2642
5
5
3 2642
3 117
1 2731
1 3505
3 3505
1 1587
3 3020
1 235
2 235 1314
1 4005
2 701 3098
1 512
1 3269
2 3469 4005
2 512 1677
1 1113
4 512 1677
5
2 561 1314
5
4 235 1314
3 1677
1 453
4 561 1314
4 3469 4005
2 162 3098
5
3 1113
3 3469
2 453 2731
5
4 453 2731
5
5
5
5
2 235 453
1 3422
3 453
5
3 1314
5
1 841
2 569 3923
1 3372
5
3 235
1 2284
2 841 2731
3 569
1 104
2 2731 3923
4 162 3098
1 2833
2 512 3098
2 3098 4005
1 995
4 701 3098
3 104
1 1993
5
5
5
2 841 3372
5
1 3874
2 3874 4005
3 3372
3 3463
4 841 2731
5
2 3422 3874
4 3874 4005
5
1 2691
5
1 2811
5
2 841 3269
3 3269
4 3422 3874
5
4 3098 4005
2 2059 2833
2 1587 2833
5
1 1567
1 814
5
2 2059 3874
1 1091
4 512 3098
2 701 2833
2 2731 2811
4 2731 2811
5
5
5
3 2059
3 4005
3 3422
5
5
4 2731 3923
2 162 561
5
2 162 2731
1 153
5
1 986
3 1587
3 3098
5
2 1091 3874
2 995 3874
2 512 561
2 1993 2811
1 1221
5
3 2811
5
1 1296
3 153
1 379
4 995 3874
3 1091
3 2731
4 162 561
2 1296 2691
5
5
5
1 2182
4 1296 2691
4 701 2833
5
3 561
1 1234
2 162 814
4 162 814
2 162 3923
2 841 2691
3 162
2 1993 3923
4 841 2691
3 986
3 2182
3 841
5
1 2020
3 3923
3 2691
1 967
5
2 379 3874
2 1567 1993
3 1567
5
4 379 3874
5
2 1296 2284
1 2255
5
5
3 814
3 1221
3 512
5
1 738
2 701 3874
1 2276
3 967
1 41
3 41
3 701
4 1296 2284
3 2284
5
3 3874
1 521
5
2 521 2020
4 521 2020
5
5
5
3 738
5
3 1234
1 659
2 521 1993
3 1993
2 379 1296
5
4 379 1296
2 659 995
3 521
2 659 2255
3 2255
3 2276
1 83
2 83 995
5
1 2172
5
3 995
1 1095
5
3 379
2 1095 1296
3 2833
5
5
4 1095 1296
5
1 1159
2 1095 1159
4 1095 1159
5
3 1159
1 1910
1 3442
1 1165
3 1165
5
5
1 1800
1 4050
5
1 3588
5
3 3588
1 539
5
5
5
1 2746
3 3442
3 1910
2 83 1800
2 539 2172
5
4 83 1800
2 659 2020
2 1800 2746
3 659
1 3932
4 539 2172
2 1095 1296
1 2863
4 1095 1296
3 2172
3 2020
2 1296 2863
5
1 434
5
5
3 83
3 1800
2 1095 3932
4 1296 2863
1 698
1 3048
2 3048 4050
4 3048 4050
2 2863 4050
2 698 1296
5
1 3773
2 2746 4050
1 1345
5
5
3 3932
2 434 2746
5
2 434 1345
1 2059
1 993
4 698 1296
3 4050
3 1345
2 539 3773
3 993
4 539 3773
2 434 3048
1 3458
5
4 434 3048
4 434 2746
3 698
3 1296
1 184
3 2746
3 2863
5
2 184 3773
2 184 2059
5
3 539
4 184 3773
3 2059
5
5
3 1095
5
2 184 434
4 184 434
3 434
2 3048 3458
1 4053
2 3773 4053
3 3773
2 184 3048
5
4 184 3048
4 3048 3458
3 3458
5
2 184 3048
2 184 4053
2 3048 4053
1 195
5
2 195 3048
3 184
3 4053
3 3048
3 195
1 3390
1 3119
2 3119 3390
5
3 3390
1 3425
3 3119
5
3 3425
1 1003
1 1345
5
5
5
2 1003 1345
4 1003 1345
1 941
1 3544
3 941
5
5
5
2 1345 3544
1 1447
3 1345
2 1447 3544
1 1397
2 1003 1447
4 1003 1447
3 1447
5
3 1397
1 2962
1 758
1 480
5
1 1196
3 3544
3 2962
2 758 1196
2 758 1003
5
5
2 480 1003
3 1196
1 4056
3 4056
2 480 758
5
5
4 480 758
5
5
5
5
1 1117
4 758 1003
1 3907
5
5
5
5
4 480 1003
3 758
2 1003 3907
4 1003 3907
5
3 3907
2 480 1003
2 1003 1117
5
2 480 1117
4 480 1117
2 480 1117
1 1724
4 480 1003
5
5
2 1117 1724
1 1999
2 1724 1999
4 1724 1999
5
2 480 1003
4 1003 1117
1 1650
5
5
4 1117 1724
3 480
2 1650 1724
3 1724
3 1999
5
2 1117 1650
3 1650
5
2 1003 1117
3 1117
3 1003
5
1 2543
1 2008
2 2008 2543
1 2952
5
4 2008 2543
1 1041
3 2952
2 1041 2543
5
5
2 2008 2543
3 2008
5
3 1041
5
1 3708
5
2 2543 3708
3 3708
5
5
1 3629
3 2543
5
5
3 3629
1 3873
1 2486
3 2486
1 3467
5
2 3467 3873
4 3467 3873
5
1 1448
3 3873
2 1448 3467
3 3467
1 3034
5
1 1481
5
2 1481 3034
2 1448 3034
3 1481
5
3 3034
1 2156
2 1448 2156
4 1448 2156
5
3 1448
1 3271
5
1 2971
5
3 2971
5
5
3 3271
5
1 2139
3 2139
3 2156
1 3629
5
5
5
1 3410
3 3410
1 3534
2 3534 3629
4 3534 3629
3 3629
5
3 3534
5
1 2486
5
5
1 390
5
5
2 390 2486
5
3 2486
1 3932
1 3349
2 3349 3932
2 390 3349
2 390 3932
1 3997
4 390 3932
5
3 3349
3 3932
2 390 3997
3 390
5
1 3388
5
1 2434
2 3388 3997
5
5
4 3388 3997
1 245
1 2171
1 1202
3 3997
5
5
1 4037
1 3427
3 3388
1 662
1 3867
5
2 2171 4037
4 2171 4037
5
1 1936
3 2434
5
3 4037
3 1202
1 3765
5
5
2 662 2171
3 1936
2 2171 3867
2 245 3765
5
2 3427 3765
1 2450
2 3765 3867
2 2171 3765
1 3439
5
3 3765
4 662 2171
4 2171 3867
1 4050
5
5
5
1 3888
1 4036
5
2 662 4036
5
5
1 2987
2 3867 4036
3 2987
1 2805
3 662
5
3 4050
5
1 3927
5
4 3867 4036
1 918
5
1 1690
5
3 3439
5
1 2489
1 464
1 1433
1 3044
5
5
3 3867
1 3422
2 245 3888
4 245 3888
3 1433
1 1965
1 2651
3 2805
5
1 1283
5
5
5
1 3179
1 608
1 3686
2 1283 3422
3 3179
5
1 646
3 3686
3 3422
1 1929
1 461
2 1965 2651
3 464
2 2450 3427
5
2 461 3044
1 228
1 3277
5
4 1965 2651
3 1965
5
3 461
2 1283 2651
3 228
5
5
2 245 3927
3 3044
4 1283 2651
3 3427
5
4 245 3927
3 918
5
3 646
5
5
2 245 3277
1 2684
1 1961
5
2 2450 2651
1 1488
1 264
1 948
4 245 3277
1 145
4 2450 2651
1 1028
2 608 2651
2 2651 3888
5
4 2651 3888
3 1283
5
3 1488
2 1961 2450
4 608 2651
2 1929 3888
5
2 1961 4036
1 685
4 1929 3888
3 3927
1 480
4 1961 2450
1 1070
3 948
4 1961 4036
2 1070 1690
4 1070 1690
3 145
2 2684 4036
4 2684 4036
1 784
1 554
2 2171 3888
4 2171 3888
5
3 554
2 685 1961
4 685 1961
3 784
5
3 480
1 3598
1 3861
3 608
3 4036
3 1929
3 3277
3 1690
2 245 1028
2 2651 3888
1 614
1 2248
3 2684
3 2248
3 2450
4 2651 3888
5
4 245 1028
5
3 1028
1 394
3 1961
1 593
3 2171
3 685
2 593 1070
3 2489
2 3861 3888
4 3861 3888
2 614 3861
4 593 1070
5
4 614 3861
1 3133
5
2 394 3888
2 394 593
4 394 593
4 394 3888
2 245 2651
1 3394
2 2651 3394
2 264 3133
1 200
5
4 264 3133
3 2651
2 200 614
3 614
2 200 3598
1 1081
4 200 3598
5
2 245 394
1 3317
4 245 394
3 3888
2 1081 3317
1 3906
4 1081 3317
2 3394 3861
1 3478
2 245 264
1 2825
1 2907
5
3 3133
2 593 3861
2 1070 2907
5
3 2825
1 3727
1 37
2 245 3598
3 264
1 2519
1 1750
2 394 3598
3 2907
2 1750 2519
3 394
4 245 3598
2 1081 3394
3 1750
4 1081 3394
1 2910
3 3727
1 1628
3 3317
1 3174
3 3394
3 1628
4 593 3861
2 3478 3598
4 3478 3598
3 593
5
1 2782
5
5
5
2 245 2519
1 21
2 1081 3906
3 3478
2 2910 3598
3 1081
5
1 4016
5
4 245 2519
4 2910 3598
2 21 3906
3 2782
1 2045
4 21 3906
2 21 3174
5
3 2519
2 1070 2910
1 3601
3 21
2 2910 3174
1 2419
1 963
1 273
2 245 3601
4 1070 2910
2 37 273
2 2045 3861
2 2419 3174
1 2006
1 3944
2 2419 3861
4 2419 3861
1 34
1 625
2 1070 3598
5
2 245 2910
5
2 37 3174
2 245 2006
3 273
2 625 2910
1 2885
1 3286
2 37 4016
2 2419 2885
5
1 2194
1 2050
3 245
5
2 37 2910
3 4016
2 2194 2885
3 3286
3 2006
2 963 2910
3 3944
1 708
2 1070 3601
4 2419 3174
2 963 2419
3 963
3 2194
5
2 1070 3906
1 1034
2 1034 3861
1 2171
4 2910 3174
2 708 2910
2 708 2419
1 1512
1 2174
1 3407
3 2050
1 2636
4 1034 3861
5
4 37 3174
1 1793
4 1070 3598
4 2419 2885
3 3407
4 37 2910
4 2045 3861
3 1793
2 200 3598
3 2419
2 2174 3861
2 37 1034
3 2045
4 625 2910
3 2171
5
1 2568
3 2636
5
3 3601
3 34
4 1070 3906
3 708
4 2174 3861
1 1445
1 1434
4 37 1034
5
2 200 2174
2 1445 2910
3 200
4 1445 2910
1 428
3 1445
2 37 625
4 37 625
5
1 1108
3 1070
1 636
5
3 3906
3 2174
3 1034
1 3592
1 1520
1 979
3 625
2 1108 3598
2 1512 3592
5
5
1 589
2 2885 2910
5
1 3091
1 3258
5
1 3892
5
3 589
4 1512 3592
5
2 428 3598
3 2910
1 3547
4 428 3598
5
2 1108 1512
2 1434 1520
4 1434 1520
4 1108 3598
4 1108 1512
3 3598
2 2568 3861
3 3861
1 1608
1 2093
1 3990
1 263
5
2 1520 3174
5
5
3 263
3 979
1 853
4 1520 3174
5
2 2568 3592
1 2183
4 2568 3592
3 2093
5
1 3653
5
2 853 2568
4 853 2568
3 1512
5
2 1520 3653
3 853
5
2 2568 2885
1 1534
5
3 3258
4 1520 3653
2 1434 1534
2 3091 3990
2 3653 3892
1 151
2 1434 3892
3 1520
1 2432
5
2 1608 3592
1 1123
5
5
3 3653
3 636
3 2568
4 1434 3892
4 1608 3592
3 3892
3 3990
2 151 3592
1 85
3 2432
5
5
1 1361
1 1095
5
3 1108
1 386
1 3040
2 85 2885
2 85 428
4 151 3592
3 151
2 428 1123
4 1434 1534
1 3247
2 1534 3091
2 1123 1434
2 1608 3040
3 1434
3 1534
5
1 3060
5
5
4 1608 3040
3 37
5
2 428 3060
2 1608 3174
5
5
5
5
4 85 2885
2 2183 3174
3 3060
4 1608 3174
1 3320
1 1309
5
5
1 546
1 158
2 1361 3547
4 1361 3547
5
2 1095 3547
3 386
3 85
3 1361
3 3091
1 2799
3 3592
5
4 428 1123
4 1095 3547
2 428 1608
4 2183 3174
3 1309
5
2 3174 3547
3 1608
3 3547
2 2885 3320
2 158 1123
5
1 3119
4 2885 3320
4 158 1123
3 3119
1 1355
5
5
1 3357
5
3 2885
3 3247
5
2 2799 3320
3 428
2 1095 3357
5
5
1 2865
3 2799
5
1 1173
3 1173
4 1095 3357
1 3248
3 1123
3 3320
2 2183 3040
1 2524
1 935
3 2865
1 3505
4 2183 3040
5
1 1994
5
2 546 935
5
4 546 935
3 2524
2 3040 3357
2 935 3357
3 3174
5
2 158 3505
3 2183
5
2 158 1095
4 158 3505
5
3 1994
1 1699
1 3301
4 3040 3357
5
3 546
1 4024
1 3992
3 1699
3 1355
5
4 935 3357
3 3301
1 2141
4 158 1095
1 2450
3 2450
3 1095
5
5
3 3040
2 3248 3992
3 935
2 3248 3357
4 3248 3357
4 3248 3992
1 96
1 3034
5
3 3505
3 4024
2 96 2141
5
5
2 2141 3992
1 1132
3 158
3 1132
1 754
4 2141 3992
3 754
2 3248 3357
4 3248 3357
5
1 158
1 3133
1 247
5
4 96 2141
2 96 3357
1 2005
4 96 3357
5
3 3034
2 3248 3357
2 2005 3248
3 247
3 2005
3 3357
2 96 2141
1 1176
2 96 3992
5
1 2312
4 96 2141
2 2141 3133
2 158 1176
2 96 3133
1 2454
2 2312 2454
3 1176
3 96
5
5
1 3457
2 2454 3457
5
3 2454
5
4 2141 3133
2 2312 3133
4 2312 3133
1 3574
2 3248 3457
5
3 158
5
4 3248 3457
5
1 1819
2 1819 3133
2 2141 3248
3 3992
2 2141 2312
3 3133
2 1819 3248
4 2141 2312
2 1819 2141
1 1285
4 1819 3248
3 1285
1 437
1 2885
5
3 3248
5
5
1 866
3 437
4 1819 2141
1 3317
2 2885 3574
1 3564
1 1055
3 3574
1 4056
5
3 3317
5
3 1055
1 783
5
2 783 3457
1 220
2 866 1819
1 3775
3 4056
5
3 3775
1 628
5
2 628 3564
5
4 783 3457
5
2 2141 2885
3 1819
2 783 3564
3 783
5
4 2141 2885
5
5
5
2 2312 3564
4 628 3564
5
1 1076
5
3 866
4 2312 3564
3 2885
2 220 3564
3 3564
2 1076 3457
1 4071
2 628 3457
5
5
1 208
2 220 3457
5
5
5
4 220 3457
4 628 3457
4 1076 3457
5
5
3 208
3 2312
2 220 3457
1 3973
5
2 628 3973
1 3877
3 4071
3 3973
3 1076
1 449
2 220 628
3 220
3 2141
3 449
2 628 3457
3 628
1 1559
2 3457 3877
1 2098
4 3457 3877
5
3 2098
2 1559 3457
5
5
4 1559 3457
3 3457
1 625
3 625
2 1559 3877
3 3877
3 1559
1 3303
3 3303
5
1 3017
5
3 3017
5
5
5
5
5
5
5
1 430
5
1 333
1 3360
5
2 430 3360
5
5
2 333 430
4 430 3360
1 3076
3 430
2 333 3076
3 3360
5
3 3076
1 3526
2 333 3526
4 333 3526
2 333 3526
5
3 333
3 3526
1 2193
3 2193
1 3154
1 3830
5
5
5
5
2 3154 3830
1 1353
2 1353 3154
2 1353 3830
1 1874
2 1874 3830
3 1353
4 1874 3830
2 1874 3830
1 3715
4 1874 3830
5
5
2 1874 3830
2 1874 3154
5
2 3154 3715
3 3154
2 3715 3830
2 1874 3715
4 1874 3715
2 1874 3715
3 3715
4 1874 3830
2 1874 3830
3 1874
1 1350
1 1694
2 1350 3830
1 3951
1 3604
5
1 3164
2 3164 3830
3 3604
2 3830 3951
4 1350 3830
4 3164 3830
2 1350 3164
4 1350 3164
5
3 1694
4 3830 3951
5
5
3 3830
3 3164
5
3 1350
3 3951
1 2095
1 3975
5
3 2095
1 3227
5
3 3975
3 3227
5
1 1568
5
5
3 1568
1 3648
1 2455
2 2455 3648
5
5
3 3648
3 2455
5
5
5
1 689
3 689
1 2752
3 2752
1 2437
3 2437
5
5
1 1114
1 2280
3 2280
3 1114
1 1383
3 1383
5
1 1301
1 471
5
2 471 1301
3 471
5
5
5
1 1620
2 1301 1620
1 3979
1 3899
2 3899 3979
2 1301 3899
2 1620 3899
4 1301 1620
2 1301 1620
3 1620
4 3899 3979
1 2234
1 1226
3 3979
4 1301 3899
1 3874
1 379
3 3874
2 379 3899
1 2565
5
4 379 3899
1 1956
5
5
5
2 1301 3899
1 3055
4 1301 3899
1 3517
5
5
2 3517 3899
3 1956
5
1 1004
3 3517
3 1226
2 2234 2565
4 2234 2565
5
2 379 1004
5
5
3 3899
1 2490
4 379 1004
3 2234
3 1301
2 2565 3055
1 1559
4 2565 3055
5
3 1559
5
1 3147
2 1004 3055
1 1197
1 1519
3 1197
1 3452
1 2001
4 1004 3055
5
2 1004 1519
3 3055
1 3422
1 981
5
3 1004
2 1519 3422
4 1519 3422
5
2 1519 2001
4 1519 2001
2 379 3422
1 3202
3 3452
1 2408
5
4 379 3422
2 2565 3202
2 379 2001
1 2958
5
3 2565
5
4 379 2001
3 981
5
3 2001
2 379 2408
2 1519 2958
4 379 2408
2 1519 3422
1 105
4 1519 2958
5
5
5
5
4 1519 3422
5
3 3202
5
5
5
2 379 2408
4 379 2408
2 105 2958
4 105 2958
2 105 3422
1 100
5
4 105 3422
3 100
3 1519
2 105 3422
1 3652
5
5
5
1 1237
1 1315
4 105 3422
1 2024
5
2 379 2958
2 2024 3147
2 2024 2408
1 4060
5
5
1 2811
3 2408
5
4 379 2958
1 614
1 3297
5
3 3652
2 614 3297
5
4 2024 3147
1 1168
5
3 105
4 614 3297
1 712
2 614 2811
5
1 321
3 321
3 4060
3 1237
5
4 614 2811
3 712
3 3147
2 2024 2490
4 2024 2490
1 3078
1 3225
2 2958 3078
1 179
4 2958 3078
2 2490 2958
2 179 2490
4 2490 2958
5
3 3078
2 379 1315
2 179 2024
2 614 2958
1 2844
3 614
5
4 179 2490
3 179
5
1 1058
5
5
1 2972
1 1185
5
5
4 379 1315
1 2722
5
2 379 1315
2 1168 2024
2 2972 3297
3 1168
1 1636
5
2 379 1636
4 379 1636
3 2811
4 379 1315
4 2972 3297
2 1058 3297
5
3 379
5
1 745
1 3750
5
2 2490 2722
3 2958
2 1315 2024
5
3 2844
1 2619
5
4 1315 2024
4 1058 3297
1 2228
2 3225 3422
2 2490 3225
3 2619
1 1828
2 1636 3225
5
4 3225 3422
3 2490
3 1058
2 1315 1636
1 1524
4 1636 3225
1 721
1 3351
1 3571
5
5
1 557
1 2643
5
2 2722 3571
3 3571
4 1315 1636
3 745
1 907
2 1524 3351
2 2228 3351
5
3 907
3 2643
1 2782
2 557 3297
2 557 2972
1 3779
5
3 1185
1 553
3 1636
3 1524
4 557 2972
2 1828 3351
2 1315 3422
2 3225 3297
5
3 2972
5
5
2 2722 3422
3 2024
4 1315 3422
3 1828
3 2228
3 2722
2 553 3297
1 3398
1 2357
1 2137
5
5
2 2357 3779
3 3398
3 3351
1 1797
2 557 3422
1 3127
5
1 1440
4 553 3297
2 1440 3225
1 3356
5
4 3225 3297
3 3356
3 3127
1 947
1 4020
2 2137 3779
3 553
5
4 557 3422
1 449
4 557 3297
4 2137 3779
4 1440 3225
2 3422 4020
2 1797 2137
1 999
2 721 2137
5
5
5
5
5
1 3855
1 2416
5
4 1797 2137
1 1804
3 2782
3 557
3 3297
5
3 3422
4 2357 3779
5
2 721 3855
2 721 2357
5
4 721 2137
2 1797 2137
1 1686
4 721 3855
5
5
2 721 2416
5
5
3 3855
2 449 4020
1 1669
2 999 2416
5
5
5
2 449 1797
4 449 1797
4 449 4020
3 1315
2 1669 2357
5
5
1 1958
1 436
2 1797 1804
2 947 999
1 105
4 721 2416
3 721
3 947
2 1686 1958
2 105 1686
2 1804 2357
2 1669 4020
2 1440 1958
4 1686 1958
1 3929
4 105 1686
1 1471
5
5
3 1686
2 1804 3779
2 999 1669
1 1306
2 449 3750
5
3 1804
3 449
5
5
4 999 1669
1 3715
5
1 2402
5
1 3830
5
5
2 1669 1958
4 1797 2137
3 1669
2 1797 2357
2 1958 3929
4 1797 2357
4 999 2416
3 105
3 1306
3 3225
5
5
2 1471 1797
5
2 436 1440
3 3715
4 1440 1958
4 1958 3929
3 3929
2 1440 2402
2 2402 3750
2 436 2402
4 1471 1797
2 999 3750
3 2357
2 2137 4020
4 436 2402
3 2416
3 436
5
4 2137 4020
2 1797 1958
5
5
4 2402 3750
2 1797 4020
2 1471 1958
3 2402
3 999
1 2722
2 2137 2722
3 1797
5
4 1471 1958
1 3003
3 1958
3 4020
3 3003
5
3 3779
5
3 1471
1 213
3 3830
3 1440
2 213 3750
2 2722 3750
1 3165
2 213 2722
2 2137 3750
5
4 2137 3750
5
3 2722
3 213
1 3660
5
2 3165 3660
1 215
1 434
1 1681
2 215 3660
5
5
4 3165 3660
1 3526
2 215 434
3 3660
4 215 434
1 2310
2 215 1681
2 434 2310
2 2137 3750
4 434 2310
4 215 1681
4 2137 3750
5
1 352
5
5
1 19
5
1 466
2 1681 3526
3 1681
5
3 352
5
3 19
2 434 3526
3 3750
5
2 466 3526
4 466 3526
4 434 3526
3 2310
2 215 3526
5
3 434
5
1 2865
5
3 2137
1 2052
4 215 3526
2 2052 3165
3 2865
4 2052 3165
3 2052
3 3526
3 215
5
5
5
1 217
5
3 217
5
2 466 3165
5
4 466 3165
3 3165
5
3 466
1 2292
1 488
3 2292
5
1 3437
1 1866
2 488 3437
5
3 3437
2 488 1866
5
5
3 1866
5
3 488
1 2989
5
3 2989
5
1 3105
1 1279
3 3105
3 1279
5
1 78
3 78
5
1 1690
5
5
3 1690
5
1 2039
3 2039
5
5
1 2835
3 2835
1 875
5
5
5
1 260
1 680
3 875
1 2151
2 680 2151
3 2151
5
2 260 680
3 680
3 260
1 1095
1 3393
3 3393
1 3242
2 1095 3242
5
4 1095 3242
2 1095 3242
1 1264
2 1095 1264
3 3242
3 1264
3 1095
5
1 2807
3 2807
5
5
5
5
5
1 401
5
5
5
3 401
5
1 1473
1 3594
1 2830
1 3852
2 1473 2830
5
4 1473 2830
5
3 1473
2 2830 3852
1 2334
2 2334 3852
5
1 2596
2 2596 3594
5
4 2596 3594
1 544
3 3852
2 544 2334
3 2830
5
3 2596
5
3 2334
5
5
3 3594
1 247
1 1608
2 247 544
4 247 544
3 247
2 544 1608
1 2046
4 544 1608
5
2 1608 2046
1 862
4 1608 2046
3 1608
3 862
1 2285
2 2046 2285
5
5
1 1433
2 544 2046
5
3 2285
1 1446
3 2046
5
5
5
1 1322
1 2057
5
1 1698
5
1 433
5
2 544 2057
5
4 544 2057
2 433 1698
3 1322
5
5
5
2 544 2057
4 433 1698
5
1 686
4 544 2057
3 1698
5
5
2 1433 2057
3 2057
5
1 941
5
5
5
2 686 1433
1 3080
5
3 3080
5
2 433 1433
5
1 690
1 3084
2 1433 3084
3 690
2 544 1433
2 544 941
2 686 1446
2 941 1433
2 686 3084
2 544 1446
3 3084
2 433 941
3 686
2 433 544
4 433 544
2 1433 1446
1 1428
2 433 1428
5
1 1161
1 2063
5
2 1161 1433
4 1161 1433
5
5
4 433 1428
2 1161 1433
3 544
2 433 1446
5
3 1161
5
4 433 1446
4 433 1433
2 1433 2063
1 3072
2 941 3072
2 2063 3072
1 1919
4 941 1433
4 1433 2063
3 1433
2 1919 2063
3 433
1 1506
3 941
1 840
2 1428 1919
5
5
1 730
1 3937
3 3072
1 757
3 730
5
1 2938
3 2938
3 3937
2 757 1506
4 1919 2063
1 906
5
2 1919 2063
4 1428 1919
3 906
4 757 1506
5
1 3021
2 1428 3021
3 1446
3 1506
4 1428 3021
4 1919 2063
3 840
3 3021
3 757
3 1428
5
2 1919 2063
3 2063
1 945
2 945 1919
3 945
5
3 1919
1 2954
1 1802
1 2805
2 2805 2954
3 2954
5
1 3264
1 949
3 1802
5
5
5
5
1 2737
3 2737
3 2805
5
5
5
2 949 3264
5
4 949 3264
2 949 3264
1 1753
3 1753
5
5
4 949 3264
3 949
3 3264
1 3307
3 3307
1 3498
3 3498
5
5
5
5
1 3387
3 3387
1 2686
3 2686
1 2160
5
3 2160
1 1698
1 2799
2 1698 2799
1 2859
4 1698 2799
5
3 2799
3 2859
5
3 1698
1 3876
5
1 1929
3 3876
5
1 2973
2 1929 2973
3 2973
1 3261
3 3261
1 2280
3 2280
1 1258
5
5
5
1 3281
2 1258 3281
2 1258 1929
1 3644
1 1205
4 1258 3281
4 1258 1929
1 2103
3 3281
2 1258 3644
2 1205 1258
4 1258 3644
2 1205 1929
3 1929
1 2732
3 3644
5
1 879
3 879
1 2808
5
5
1 2332
1 3106
4 1205 1258
3 3106
1 110
5
1 2127
5
5
3 1258
3 110
2 2332 2808
2 1205 2808
3 2127
5
3 1205
1 116
1 450
5
4 2332 2808
2 116 450
4 116 450
3 2332
3 116
3 2103
3 450
1 965
3 2808
5
3 2732
1 2227
1 1661
3 2227
2 965 1661
1 2610
2 965 2610
1 3583
3 1661
4 965 2610
3 2610
3 965
3 3583
1 2985
1 3762
1 926
3 3762
2 926 2985
1 811
3 926
1 1497
1 3120
5
2 1497 2985
2 1497 3120
3 811
2 2985 3120
1 2780
4 1497 2985
1 1961
3 1961
1 3989
5
4 2985 3120
5
2 2985 3989
3 2780
5
3 3989
2 1497 2985
4 1497 2985
5
4 1497 3120
1 3128
1 3958
3 3128
3 3120
3 1497
1 1787
2 1787 3958
3 1787
1 1143
1 2556
5
3 2985
1 654
1 213
2 2556 3958
5
4 2556 3958
3 1143
3 2556
2 213 654
1 2312
5
2 2312 3958
2 654 2312
2 213 2312
5
2 654 3958
1 1143
4 654 3958
3 654
1 2560
5
2 213 2560
3 2560
5
5
2 1143 2312
1 73
4 2312 3958
2 2312 3958
5
1 2693
2 73 2312
4 73 2312
1 345
2 345 2693
3 213
5
3 1143
4 2312 3958
2 73 3958
5
3 2312
3 3958
1 1446
1 1459
4 345 2693
3 73
5
2 345 1459
1 3958
5
5
4 345 1459
2 1459 2693
3 345
4 1459 2693
2 1446 2693
1 3369
1 1392
3 1446
1 1430
3 3369
3 3958
5
1 712
5
3 1459
1 2977
1 86
3 1392
2 86 1430
1 2478
1 3360
2 712 2693
3 2977
5
4 86 1430
4 712 2693
1 3946
2 1430 2478
5
3 86
5
3 3946
1 3910
1 2170
5
5
5
2 2170 2693
1 3724
1 3751
1 1920
3 1920
4 2170 2693
1 370
1 374
5
5
2 2478 3910
2 374 3724
5
2 712 2170
4 2478 3910
2 2170 2693
3 3724
2 370 1430
3 374
1 489
2 2170 3751
4 2170 2693
4 712 2170
5
2 2693 3751
2 2693 3360
1 1289
4 1430 2478
1 1646
5
4 2693 3360
3 3910
1 1454
2 1646 2478
5
4 370 1430
1 2744
1 3221
3 1454
2 489 3751
1 3142
1 3254
2 712 3254
1 2716
5
2 1430 3142
5
5
4 2693 3751
5
4 1646 2478
1 1657
3 1289
1 3512
1 3091
1 3610
2 3142 3221
2 3091 3512
1 2979
2 2744 3610
1 748
3 3512
4 489 3751
1 18
4 3142 3221
1 2718
3 18
5
5
5
2 2693 2744
2 2478 3091
5
1 3093
3 2170
2 712 1657
1 830
4 712 1657
5
3 2693
5
4 2478 3091
5
4 712 3254
5
3 1657
3 3610
5
4 1430 3142
1 3770
2 1646 3770
5
4 1646 3770
5
1 3001
3 3221
2 1430 3751
5
2 370 3360
1 1883
2 370 489
2 1883 2744
1 3745
1 2337
2 1646 3751
2 2716 2744
4 370 3360
1 2709
3 1430
2 830 3745
4 1883 2744
5
4 370 489
3 1883
1 1214
3 2709
3 3254
1 3331
2 3091 3331
1 786
1 3993
5
2 3091 3093
4 3091 3093
4 830 3745
2 748 2979
4 1646 3751
1 110
3 3993
3 3745
5
4 2716 2744
4 748 2979
2 110 2979
3 2744
5
3 3091
5
1 1268
3 3093
2 1214 2478
2 786 1268
4 1214 2478
3 786
3 1268
2 2718 3001
2 712 3142
3 2979
1 1553
1 2117
4 712 3142
1 3949
3 1646
4 2718 3001
2 748 3751
4 748 3751
5
5
5
1 2403
5
2 370 2718
4 370 2718
5
3 3001
2 748 3751
2 110 3331
1 1190
2 2117 2716
4 2117 2716
2 712 2117
3 489
1 510
5
3 510
1 3697
5
4 110 3331
1 357
4 748 3751
2 1190 2716
2 1553 2117
1 2739
2 712 2739
5
5
1 2397
5
2 748 2397
2 2478 2739
1 1651
5
3 3331
2 748 3751
4 712 2117
1 2732
4 1190 2716
4 748 2397
2 110 2716
5
5
1 1853
3 2716
4 748 3751
4 2478 2739
5
2 110 830
5
4 110 830
5
2 2403 2739
3 3751
3 1553
3 2403
4 712 2739
1 1587
5
2 1651 1853
4 1651 1853
5
1 709
3 1587
1 2893
5
2 1190 2478
3 3360
3 2893
4 1190 2478
1 154
2 2478 3770
4 2478 3770
5
5
3 3142
1 3075
1 1255
5
5
1 2757
2 1651 3697
1 2613
4 1651 3697
2 154 2337
1 1462
5
3 712
4 154 2337
5
5
5
3 2732
5
1 723
2 830 2337
5
3 2718
3 1853
5
3 3075
2 748 1651
2 357 709
5
3 2757
2 830 2478
3 3949
1 3434
1 3514
4 830 2337
3 1651
1 826
1 1769
5
5
4 357 709
1 1982
3 830
2 2613 3770
2 110 3434
5
5
3 2739
5
1 125
2 723 3514
2 1769 2478
5
2 2117 2478
4 1769 2478
1 1284
1 1716
1 362
5
3 826
3 2613
5
5
3 1769
4 2117 2478
4 723 3514
3 154
2 370 709
2 748 2397
1 3639
2 1255 1462
4 370 709
3 362
1 33
1 3026
4 748 2397
2 125 709
1 599
2 1716 3770
3 3514
1 535
3 3697
3 1462
4 125 709
1 2317
4 110 3434
4 1716 3770
2 33 357
3 3770
2 33 3026
1 290
3 3434
2 723 2478
1 1851
2 357 1284
2 1214 1284
1 558
3 748
3 599
1 431
4 723 2478
2 125 1716
5
3 2397
4 33 3026
3 723
4 33 357
2 1982 2337
2 357 1190
4 357 1284
2 558 3639
2 431 2117
4 1214 1284
5
5
2 431 1190
5
4 558 3639
1 2854
2 33 1255
5
3 1214
1 2963
5
2 290 431
4 357 1190
5
4 125 1716
2 1716 1851
5
3 357
5
2 1190 3639
4 431 1190
5
1 136
3 1716
5
4 1982 2337
1 2563
4 290 431
4 33 1255
5
5
3 3026
4 431 2117
5
2 1284 2563
1 3436
2 535 2563
3 2337
3 535
4 1190 3639
3 3436
3 558
4 1284 2563
5
1 2885
3 709
3 2854
3 1851
5
3 2117
5
5
2 1284 2963
1 2873
4 1284 2963
2 1284 2317
2 1982 2478
5
4 1982 2478
2 431 1255
2 125 2963
4 125 2963
5
3 2317
2 370 2885
5
4 431 1255
3 2885
5
3 1255
5
3 125
3 136
5
5
5
3 3639
1 2113
2 1982 2963
1 1171
3 1190
4 1982 2963
1 1299
5
1 2996
5
3 1982
1 3355
3 2478
2 1171 2113
2 2113 2996
4 2113 2996
4 1171 2113
5
3 1299
1 273
1 2131
3 431
2 290 2131
3 2131
5
5
2 1284 3355
5
4 1284 3355
2 290 2963
2 1284 2963
5
5
1 79
5
4 290 2963
4 1284 2963
2 110 3355
1 1020
2 2563 2963
3 33
5
5
2 290 1171
4 110 3355
5
2 1020 1284
4 290 1171
2 2563 2873
4 2563 2873
4 2563 2963
2 2963 3355
5
3 1020
1 2889
1 2052
5
2 290 2563
4 2963 3355
3 2563
5
3 79
3 2052
1 3647
1 3433
1 2167
1 864
1 437
5
1 1611
3 2889
2 864 3647
2 370 2167
3 370
5
3 864
2 1171 2996
2 290 1284
4 1171 2996
2 437 1284
1 3516
2 2113 3355
4 290 1284
2 110 3355
5
1 1513
5
4 437 1284
4 2113 3355
4 110 3355
3 2996
5
3 273
3 2963
3 1513
3 2113
1 3197
2 110 2873
4 110 2873
5
5
1 1129
5
1 2092
3 3197
5
2 1129 1171
3 2092
2 290 437
4 290 437
1 3341
2 1284 3433
3 3341
5
4 1284 3433
3 1611
3 3647
4 1129 1171
1 1987
5
3 1129
5
3 1284
2 2873 3355
3 110
3 2873
5
3 3355
3 2167
2 290 1987
5
3 3516
4 290 1987
2 290 3433
4 290 3433
1 765
1 1616
1 1209
1 2311
2 437 2311
3 1616
4 437 2311
5
3 1987
2 765 2311
4 765 2311
2 290 2311
3 2311
3 290
5
3 3433
2 437 1209
2 437 765
5
2 1171 1209
5
2 765 1209
1 2905
5
5
3 2905
2 437 1171
1 481
2 481 765
3 481
4 437 1209
4 437 1171
2 765 1171
1 3746
3 1171
1 1077
4 765 1209
3 765
5
3 1209
3 1077
5
2 437 3746
5
5
5
5
3 3746
5
1 1549
5
1 2415
3 1549
1 1730
1 722
5
1 1237
2 437 1237
3 1730
3 2415
3 722
4 437 1237
5
2 437 1237
1 3875
5
3 437
5
5
3 3875
5
1 3406
1 379
1 1396
2 1396 3406
1 2844
3 3406
5
1 1574
5
2 379 1396
3 1396
5
5
3 379
3 2844
2 1237 1574
5
4 1237 1574
2 1237 1574
3 1574
3 1237
1 3192
1 2641
3 2641
5
5
3 3192
5
1 1175
3 1175
1 167
1 1018
2 167 1018
1 1302
4 167 1018
2 167 1018
1 1913
3 1913
3 1302
3 1018
1 220
3 167
1 3924
5
5
2 220 3924
3 3924
1 45
5
2 45 220
5
5
3 45
5
3 220
1 1162
3 1162
5
5
5
5
1 2161
5
3 2161
1 3468
5
3 3468
1 2980
5
5
3 2980
1 1701
1 3317
5
3 3317
1 1944
5
5
2 1701 1944
3 1944
5
5
3 1701
1 3091
5
3 3091
5
5
5
1 1274
3 1274
1 1433
3 1433
1 3782
1 111
3 3782
5
3 111
1 2784
3 2784
1 3836
1 3955
2 3836 3955
5
1 3196
2 3196 3836
1 1254
2 3196 3955
1 947
5
4 3836 3955
4 3196 3955
4 3196 3836
5
2 3196 3955
4 3196 3955
5
5
2 1254 3836
5
1 2713
5
1 3470
3 3955
2 947 1254
2 947 3470
5
4 1254 3836
2 3196 3836
2 947 2713
2 1254 3196
3 947
1 1884
1 3516
5
5
4 3196 3836
1 929
3 3836
2 929 3516
5
5
5
5
3 2713
4 929 3516
1 957
3 3470
2 1884 3196
4 1884 3196
2 957 1254
1 3224
1 485
4 1254 3196
2 929 1884
1 1100
1 768
4 957 1254
3 3196
2 929 957
1 384
4 929 1884
2 485 3224
5
5
1 1979
3 768
3 1979
1 2723
5
1 2293
4 929 957
1 1310
4 485 3224
3 929
3 2293
1 249
5
3 957
1 611
2 485 1100
4 485 1100
5
1 3340
2 611 1884
5
2 249 384
3 249
2 1100 2723
4 611 1884
2 611 2723
5
1 1945
5
5
4 611 2723
3 1310
2 485 1100
3 384
5
3 1254
2 611 3224
5
4 485 1100
3 3340
2 485 3516
1 588
5
4 485 3516
5
4 1100 2723
1 3677
5
4 611 3224
1 699
5
5
2 485 1945
5
2 1100 3224
2 1884 3224
3 588
5
2 2723 3516
3 1100
5
4 2723 3516
5
5
2 1945 2723
5
2 699 3516
3 699
5
1 3462
4 485 1945
3 3224
4 1945 2723
1 223
2 1884 3677
3 3677
1 597
3 1945
3 3516
3 597
3 3462
1 194
2 194 485
5
1 3247
5
5
1 1334
2 611 3247
5
2 194 3247
2 194 1334
1 3861
4 194 3247
5
3 1334
2 485 3861
1 3284
3 1884
1 1155
1 4069
5
3 3247
1 524
2 524 611
5
4 194 485
2 611 4069
1 3924
4 485 3861
4 611 4069
2 3284 3924
4 3284 3924
1 683
4 524 611
5
1 3831
5
3 1155
2 2723 3831
5
1 667
3 194
3 3284
3 3861
5
4 2723 3831
3 2723
1 2563
2 223 2563
5
3 3924
4 223 2563
5
3 4069
3 2563
2 524 683
3 524
3 485
1 831
3 831
3 683
5
2 223 3831
2 611 667
5
3 223
4 611 667
3 611
2 667 3831
4 667 3831
5
5
1 1659
5
3 1659
3 3831
3 667
1 3677
5
5
1 143
5
2 143 3677
3 143
3 3677
1 2863
1 3056
2 2863 3056
4 2863 3056
5
5
3 2863
3 3056
1 1095
5
1 2825
3 1095
3 2825
1 2464
3 2464
1 3870
3 3870
1 1552
1 512
1 2896
5
3 512
2 1552 2896
5
3 1552
3 2896
5
5
5
1 4007
1 634
5
1 3810
1 2668
5
1 126
5
5
2 2668 4007
3 3810
3 4007
1 499
1 3494
1 3054
1 1702
1 1845
2 499 1845
3 3494
2 2668 3054
3 499
3 634
5
4 2668 3054
2 126 2668
1 25
5
3 3054
4 126 2668
5
1 2716
1 984
3 25
3 1702
2 1845 2716
4 1845 2716
1 2647
5
2 126 2716
5
3 2647
1 1499
5
1 503
1 2989
2 984 2716
4 984 2716
2 126 503
5
4 126 503
4 126 2716
2 503 1845
4 503 1845
1 3553
2 126 984
5
1 2676
5
4 126 984
5
5
2 126 2989
1 2053
3 503
5
5
5
1 2327
5
3 2327
3 1499
1 370
5
2 370 2676
3 126
4 370 2676
1 1948
5
5
2 2053 2668
3 1948
3 984
4 2053 2668
3 370
2 2053 3553
5
1 1531
2 1531 2053
1 3518
2 2676 2716
4 2676 2716
5
1 1621
3 1531
4 2053 3553
2 2053 2676
4 2053 2676
5
1 1453
3 2989
3 3553
3 2053
3 2716
3 2676
1 3466
2 1453 1845
3 1453
3 3518
3 3466
3 1845
2 1621 2668
4 1621 2668
1 1611
1 543
1 905
3 1621
3 2668
1 2403
3 905
3 1611
1 49
3 49
2 543 2403
5
5
4 543 2403
3 2403
3 543
1 1730
1 811
1 1219
5
2 811 1730
4 811 1730
5
5
2 1219 1730
1 2700
1 567
3 1730
1 3391
2 567 2700
3 3391
5
4 567 2700
5
1 574
1 2943
3 2943
5
1 3631
3 574
5
3 2700
5
1 2918
3 1219
3 3631
5
2 811 2918
4 811 2918
2 567 811
3 811
1 429
5
5
3 2918
2 429 567
4 429 567
3 567
5
3 429
1 3533
3 3533
5
5
1 3385
5
5
1 3043
5
3 3385
5
3 3043
5
1 274
1 1871
5
5
3 1871
5
3 274
1 2357
5
1 388
5
3 2357
1 213
1 470
5
3 388
3 213
1 1645
1 2060
3 2060
1 1278
5
3 1645
1 2851
1 3122
1 2866
2 1278 2866
4 1278 2866
1 3524
1 460
5
2 460 3122
3 460
5
1 2057
5
5
3 2851
3 3524
5
5
5
1 2413
2 2057 3122
4 2057 3122
5
3 3122
2 2057 2413
3 470
4 2057 2413
1 2952
5
1 1613
3 1278
1 3233
5
2 2413 2866
1 2196
2 2057 3233
5
5
1 3019
4 2413 2866
1 1026
3 1613
4 2057 3233
3 1026
3 3019
1 2763
3 2196
5
5
3 2413
3 2763
2 2057 3233
1 1803
1 2656
4 2057 3233
2 1803 2866
1 3252
3 3252
2 2656 2952
5
1 874
1 277
5
1 1445
4 1803 2866
1 1123
5
3 874
3 2057
5
5
4 2656 2952
5
1 670
2 1803 3233
2 277 2656
1 2658
4 277 2656
3 2952
3 1803
3 2656
2 1123 2658
2 670 3233
2 670 2658
2 2658 3233
4 670 2658
5
5
1 1071
4 670 3233
4 1123 2658
3 1445
3 670
1 715
4 2658 3233
5
2 277 715
5
1 680
2 715 1071
4 715 1071
1 578
5
2 277 1071
5
2 277 2658
5
2 680 1123
2 680 3233
1 952
3 2658
3 680
2 952 3233
3 1123
2 277 2866
5
1 239
4 277 1071
5
1 1605
5
3 952
1 3323
2 715 1071
2 578 3323
2 239 1071
1 3698
4 277 2866
2 578 715
1 1343
2 239 1605
1 3395
5
1 177
5
4 578 715
5
2 1343 3323
2 1071 3395
4 277 715
3 1605
1 2700
3 3233
4 578 3323
1 2872
4 1343 3323
1 2756
1 3499
5
2 239 578
2 2866 3499
3 715
4 1071 3395
4 239 1071
1 3825
2 2872 3499
5
3 3323
3 1071
2 177 2872
3 177
3 2700
2 277 2866
2 1343 3825
1 1376
1 3516
5
2 3499 3516
1 2708
2 277 3395
3 3825
1 3021
3 3021
3 3395
4 239 578
4 2872 3499
4 277 2866
1 2713
1 453
2 578 2872
4 2866 3499
1 503
5
2 578 3516
1 173
3 2866
2 1343 2756
3 277
4 1343 2756
2 173 2872
2 503 1376
2 173 3499
3 239
2 453 3698
1 1499
3 2756
5
4 578 2872
3 3698
3 3499
5
3 2708
3 2872
2 578 1499
3 578
1 754
1 3640
4 503 1376
5
3 453
1 832
2 754 2713
4 754 2713
5
3 2713
3 1343
5
3 754
2 173 1376
3 1499
4 173 1376
3 3516
2 173 832
1 36
5
4 173 832
1 3632
1 1756
1 1704
1 1620
5
5
2 173 1376
3 503
5
2 1704 3632
4 173 1376
1 2072
3 1756
1 489
3 1376
4 1704 3632
1 630
5
1 1977
1 973
1 1169
1 58
2 630 832
3 630
1 2267
1 964
5
5
1 2655
3 3632
1 2435
3 489
5
1 2226
5
2 2655 3640
1 1008
5
1 744
4 2655 3640
2 36 3640
1 916
5
4 36 3640
3 36
5
5
1 2740
2 2072 2740
2 1008 2226
4 2072 2740
2 973 2267
2 1620 1977
1 847
4 973 2267
3 1169
5
5
2 973 1704
5
2 964 2435
4 1620 1977
4 973 1704
5
2 173 2072
4 1008 2226
5
5
5
4 964 2435
1 250
2 1977 2655
2 2655 2740
4 173 2072
1 3257
3 832
2 2655 3640
5
3 3257
5
5
2 58 964
1 2754
2 173 1620
4 58 964
5
1 3409
1 3916
2 173 2754
1 2851
2 916 3640
4 173 1620
2 1008 2072
3 744
5
4 173 2754
3 2072
3 58
1 558
2 973 1977
4 916 3640
5
1 632
5
3 173
3 2226
1 395
3 632
1 3497
3 916
4 973 1977
3 1704
5
3 847
5
5
4 2655 2740
2 250 2754
3 3409
3 2267
4 1977 2655
2 558 2435
2 2754 3916
3 2740
2 1620 2435
4 250 2754
3 2435
1 3767
3 3767
3 395
1 405
5
1 3108
3 973
5
4 2655 3640
5
2 250 1977
1 2608
3 3916
2 2851 3497
1 3517
4 2851 3497
5
2 1620 2754
2 558 2608
1 3396
1 3439
2 964 2754
1 2145
4 250 1977
1 2537
2 3439 3640
2 558 3396
2 1977 2608
1 605
3 2608
4 558 3396
4 964 2754
1 2196
1 289
3 2655
5
5
2 3439 3517
1 981
2 289 1620
4 3439 3640
4 289 1620
3 3517
3 964
1 829
4 1620 2754
1 1554
5
2 829 3439
2 981 3396
5
5
2 605 3396
4 829 3439
1 1722
3 3439
5
3 1722
3 2851
4 981 3396
5
1 2091
1 3979
5
1 1345
4 605 3396
3 981
3 2091
2 605 2145
1 2561
3 3979
2 829 2145
1 1850
5
3 2196
4 829 2145
3 1008
5
1 1981
5
3 3497
5
4 605 2145
1 1102
1 1000
2 3396 3640
2 558 1554
1 252
4 3396 3640
4 558 1554
2 289 405
4 289 405
3 1554
3 605
5
5
3 1345
1 1928
2 1000 1928
5
1 2499
1 2385
2 2561 3396
2 252 2145
3 1850
3 405
1 2497
2 1620 2497
1 2893
5
4 2561 3396
5
5
4 1620 2497
5
4 1000 1928
1 3371
4 252 2145
2 2385 2754
2 1977 2145
3 2145
1 3782
5
5
1 1932
3 3396
2 2754 2893
3 1928
3 2499
1 2395
5
2 1977 3108
3 250
4 1977 3108
3 829
3 3371
4 2754 2893
3 1102
3 2893
3 1981
5
5
4 2385 2754
5
1 1559
2 252 3108
1 3979
1 3215
1 723
4 252 3108
3 3640
5
3 3782
2 252 1620
2 289 2385
2 2561 3979
5
2 2497 2537
3 1559
4 2561 3979
1 2318
3 2385
5
3 2537
2 558 2561
1 131
2 252 2395
2 2754 3108
2 1932 2395
3 3108
3 2754
5
4 558 2561
1 3548
3 2395
3 1932
2 131 2318
3 1000
1 842
5
1 1044
1 3137
3 1977
4 252 1620
5
2 558 1620
3 842
1 738
5
2 131 289
5
3 558
5
1 1656
1 1135
1 3743
1 2183
2 252 1656
3 2318
2 252 3215
1 1413
1 108
5
5
4 252 1656
2 3137 3743
4 3137 3743
5
1 2538
4 252 3215
3 108
3 252
1 3842
2 2497 3743
4 131 289
5
5
3 131
2 723 1620
4 2497 3743
4 723 1620
5
1 285
3 723
1 3033
3 1044
1 1288
5
3 3548
2 1288 2561
5
4 1288 2561
3 285
2 738 3842
1 2516
1 613
3 3842
3 3215
2 2561 3137
4 2561 3137
5
2 1656 2561
1 50
3 1413
1 2178
4 1656 2561
1 850
5
1 3384
1 1346
3 738
3 289
5
2 50 1656
1 1144
4 50 1656
3 2516
1 3485
3 3743
5
2 1620 1656
1 3551
1 2847
3 1656
1 474
3 3137
1 14
1 759
3 3033
1 3695
5
1 3903
5
3 2178
5
3 474
5
1 1802
2 1135 3695
1 2027
3 1346
1 3240
1 275
2 1620 2561
1 2757
2 2027 3551
4 1135 3695
4 1620 2561
2 850 2497
3 1288
5
2 2027 3979
3 850
1 3942
5
4 2027 3551
3 3240
5
1 1767
5
4 2027 3979
3 3695
1 87
3 1620
1 954
5
1 2644
3 3903
5
3 3384
3 3485
3 2497
5
1 950
1 2436
1 1236
5
2 275 2027
5
1 4071
3 275
5
3 950
5
2 1236 3551
2 50 4071
5
1 1552
4 50 4071
5
3 3942
3 759
5
3 1135
5
1 2444
4 1236 3551
5
1 2410
5
5
5
1 3323
2 1144 3323
3 2436
1 584
2 584 2644
1 1888
4 584 2644
2 1802 3979
1 902
1 982
1 1301
3 2757
1 845
2 613 1301
5
1 3630
3 3630
4 1144 3323
4 613 1301
2 1888 3979
1 945
5
3 2027
5
1 3351
1 3715
5
2 2644 3715
1 184
4 1888 3979
2 945 2410
3 982
3 3323
3 14
5
1 3425
1 3772
1 586
2 184 613
1 61
2 584 945
2 1236 2444
2 613 3715
5
4 2644 3715
1 2801
5
4 184 613
2 584 1552
4 945 2410
1 2421
5
3 1802
5
2 613 3979
3 3551
4 613 3979
5
5
2 2801 4071
3 184
5
2 586 2421
2 2183 2421
5
2 945 1767
1 1346
1 3743
5
3 50
1 1490
5
2 3425 3715
3 3351
1 4051
5
3 4051
1 2096
1 2979
5
3 87
3 2421
2 945 2410
1 2234
1 2944
3 3425
3 613
2 1552 4071
2 2096 2979
3 1236
4 1552 4071
2 2944 3772
2 1888 3715
5
4 945 2410
4 584 1552
5
4 2801 4071
3 1552
1 453
5
3 2096
5
4 584 945
2 1767 2538
3 1144
4 1767 2538
5
5
1 3441
4 1888 3715
3 2979
1 1718
2 1767 2847
5
2 61 2538
3 1767
3 3772
5
2 902 2644
4 902 2644
5
5
1 2793
3 2944
5
4 61 2538
1 4024
2 1301 4024
1 875
2 2444 4071
1 565
4 2444 4071
5
3 3743
5
2 565 2793
1 161
1 3856
3 586
3 1346
5
4 1301 4024
3 4024
5
1 2026
4 565 2793
5
2 161 875
4 161 875
3 1888
3 1718
1 1008
3 2410
2 1490 2444
5
2 1490 2793
4 1490 2444
5
4 1490 2793
5
1 2140
2 902 945
2 2538 2801
3 4071
5
2 2234 3441
1 3407
2 565 1490
2 2026 3856
5
2 61 3441
4 565 1490
1 1034
4 2026 3856
5
2 453 954
1 496
3 3441
4 2538 2801
2 2234 2793
5
3 2183
1 133
3 954
1 3432
3 3856
1 3735
1 722
4 902 945
4 2234 2793
5
5
2 565 902
1 2066
2 2066 2444
3 2644
1 3191
1 360
1 532
2 1008 2801
5
3 3715
5
1 1325
5
1 984
5
4 565 902
3 453
1 1998
5
3 3735
3 875
1 2376
5
4 1008 2801
4 2066 2444
5
1 1748
1 3620
3 565
2 1325 3620
4 1325 3620
3 2444
3 3407
1 252
3 845
1 3720
3 584
2 161 3432
4 161 3432
5
1 3493
3 3493
2 532 3720
1 2433
2 2026 3432
2 722 984
1 1676
4 2026 3432
3 252
4 532 3720
5
1 428
3 3191
5
1 2854
3 360
1 3172
5
5
4 722 984
3 2234
5
5
3 532
1 2202
2 2140 3172
3 2538
4 2140 3172
1 1418
1 2846
2 1676 2202
5
4 1676 2202
5
3 2433
2 902 2846
2 984 3432
1 2585
3 1490
1 90
3 722
3 2847
3 428
2 1418 3979
3 1034
3 2026
2 1418 1748
2 902 2854
3 496
4 902 2854
5
2 1325 1998
1 2767
3 1008
5
2 61 2066
4 1325 1998
2 90 2585
5
4 984 3432
1 1735
5
2 2767 2801
5
5
5
1 1177
5
3 2140
3 2793
5
5
5
3 1325
2 1676 2585
5
2 1998 2801
3 1735
5
5
5
2 161 3979
2 945 1301
4 1676 2585
1 353
4 161 3979
5
5
5
3 133
2 2066 2376
1 3124
2 1301 2561
4 1301 2561
1 1038
2 984 3432
3 2585
4 61 2066
5
4 2767 2801
1 1030
2 1418 2801
3 1998
5
3 3720
2 1030 1418
4 1418 2801
4 945 1301
2 2854 3979
2 61 2801
5
2 1301 2066
1 739
3 2066
5
5
1 568
4 1418 1748
5
1 3452
2 161 1177
4 984 3432
1 1178
1 3160
4 1418 3979
2 353 3160
1 1420
4 61 2801
1 1664
2 1177 1748
1 2666
4 2854 3979
3 2846
1 3254
4 353 3160
1 67
2 1420 3172
1 3657
1 1473
3 3124
4 161 1177
3 1030
3 902
2 739 2202
3 353
4 739 2202
2 568 3160
5
1 2691
5
5
1 660
2 568 3172
5
1 1816
1 473
3 61
3 1038
3 3452
5
5
1 2989
1 556
3 1748
1 2951
2 660 2202
2 2854 3979
3 556
5
1 2698
2 1676 2801
5
2 2561 3620
4 1420 3172
5
4 660 2202
2 1664 2767
4 568 3172
3 2854
4 1676 2801
3 3620
2 2698 3160
4 1664 2767
1 123
2 1178 3657
5
4 1178 3657
2 2561 3172
5
5
2 67 1816
5
1 3196
1 352
5
4 67 1816
2 473 2691
1 2002
1 1655
5
5
4 473 2691
5
2 161 2801
5
1 2845
4 2698 3160
3 660
3 123
3 161
1 2892
4 568 3160
4 2561 3172
1 3795
5
1 2062
3 984
1 1280
1 3093
3 1280
5
2 3160 3172
2 2062 2691
2 568 3979
5
2 2845 3254
5
2 1676 3795
1 3938
2 1420 3432
5
5
1 2850
4 2845 3254
5
4 568 3979
2 3093 3938
3 2561
1 803
4 3160 3172
2 1301 3093
3 2062
1 1236
1 2243
2 1655 2951
3 1236
2 803 1177
5
1 3895
2 2767 3979
3 2698
2 2951 3172
1 2946
2 2845 2892
1 3059
3 3938
3 2666
5
5
2 739 3254
1 492
2 2850 3160
1 3493
2 2002 3059
1 1061
4 1676 3795
5
2 3196 3657
2 473 1655
2 90 2946
5
1 1116
3 1420
5
5
5
4 2850 3160
1 3897
4 739 3254
1 3085
2 1116 1655
2 1116 2989
5
2 1816 2767
1 2577
2 739 3657
2 739 945
5
2 2243 2989
5
5
1 3118
4 1655 2951
4 739 3657
3 3093
3 3085
1 2685
3 3118
4 90 2946
4 803 1177
3 1301
1 2390
3 2946
4 2767 3979
3 2767
4 1116 1655
1 3405
4 1116 2989
2 67 568
4 473 1655
3 1664
4 2002 3059
2 2892 2989
1 150
2 1473 2243
5
1 2120
2 1177 2989
4 739 945
1 2139
4 1177 2989
2 1473 3432
5
2 352 2850
1 735
4 1473 2243
5
1 3814
3 150
5
1 1492
2 2376 3814
3 3432
2 1177 2390
4 1177 2390
5
5
2 1655 2120
3 3895
2 803 3405
1 1765
1 4007
3 473
4 2951 3172
1 2765
4 2892 2989
2 492 2951
4 492 2951
5
1 2676
2 2139 2243
3 3405
3 2951
4 2243 2989
1 1604
1 1011
5
5
2 803 3814
5
2 2243 2685
3 2765
2 568 2376
4 803 3814
2 2801 2850
3 1473
3 1676
2 2120 2845
2 2801 2892
1 2551
3 90
3 3897
5
4 2139 2243
1 2828
4 2376 3814
3 4007
3 1655
4 2801 2892
5
4 2801 2850
3 2202
4 2243 2685
5
2 2390 2676
4 2120 2845
5
1 3973
4 3196 3657
5
5
2 1492 2376
5
3 67
2 1116 1604
3 3657
4 2390 2676
5
5
1 2799
4 1492 2376
1 1221
5
2 568 2390
3 352
4 568 2390
5
2 735 1418
4 1116 1604
1 112
4 568 2376
5
5
2 739 1492
5
2 735 2850
2 2799 2845
3 112
2 2799 3795
1 2501
2 739 3172
1 3314
3 3973
3 2390
4 739 1492
1 2161
2 492 2892
4 735 2850
4 735 1418
5
3 492
4 2845 2892
1 3958
3 1011
4 2799 2845
1 3542
1 3051
2 2989 3979
2 945 1116
4 945 1116
2 1116 3051
2 1061 2376
4 739 3172
3 2850
1 2037
2 1178 1816
4 1116 3051
3 1604
2 2037 3814
4 1061 2376
1 178
2 3172 3493
1 3961
2 1492 3493
1 3890
3 2828
5
5
1 1712
5
5
5
5
4 1492 3493
4 3172 3493
2 1816 3890
3 3314
5
1 703
3 2691
1 366
2 178 3542
5
5
3 3958
3 178
3 2037
3 3059
1 3678
1 3616
5
3 1712
1 852
2 2002 3254
1 1518
5
4 1178 1816
2 568 2551
3 803
3 2243
3 2685
4 2989 3979
2 739 1418
3 3254
3 1061
2 2139 3196
4 1816 3890
3 3196
3 3890
1 1804
5
4 2799 3795
4 739 1418
2 1178 3979
4 1178 3979
2 2577 3979
4 568 2551
3 852
5
5
2 2989 3616
2 2801 3172
2 2002 2801
1 2437
4 2577 3979
3 2676
5
4 2801 3172
1 2068
1 3294
3 2139
1 1197
4 2002 2801
4 2989 3616
3 2376
3 1816
2 3493 3814
1 818
5
3 2551
5
2 2068 2437
2 2577 3051
2 2002 2845
1 3811
1 3301
4 2068 2437
4 2577 3051
2 3160 3678
5
4 3493 3814
4 2002 2845
3 2161
3 2892
1 431
5
5
5
4 3160 3678
3 2002
2 1197 3678
1 614
5
3 3961
1 3498
1 1553
5
2 568 739
3 735
2 614 703
1 3188
3 1765
5
1 2234
5
5
5
5
2 2845 3301
3 366
3 703
1 481
3 1518
3 3188
5
4 568 739
5
1 2213
1 752
5
5
3 3172
2 3616 3678
1 2349
4 1197 3678
2 1197 3498
5
2 818 2437
5
3 945
5
5
3 1197
2 614 2989
3 2349
3 3160
4 614 2989
1 1731
2 752 1731
4 2845 3301
5
4 818 2437
3 1177
4 752 1731
1 1803
1 381
2 1418 3678
1 3087
3 739
1 3521
4 3616 3678
1 810
3 2989
5
2 431 3814
5
5
2 481 3294
5
1 1255
4 1418 3678
1 802
5
2 1255 2577
3 2120
2 614 1418
1 2692
3 1255
1 821
4 431 3814
5
1 2685
4 614 1418
1 4060
5
4 481 3294
1 3688
5
1 158
1 233
2 1221 2577
5
5
5
2 1178 3678
2 1221 2501
3 614
2 1553 3294
1 2923
3 3294
1 1815
2 2692 3087
1 112
5
3 2923
1 3231
5
2 821 3051
1 2898
2 481 752
4 821 3051
1 1112
1 969
1 3413
3 3413
4 1178 3678
2 752 1804
3 3678
1 2279
2 431 3616
5
1 2290
4 481 752
4 431 3616
4 1221 2501
4 2692 3087
1 3687
1 172
1 1460
2 233 3087
5
1 2573
1 2438
3 481
2 1112 2501
5
3 3688
1 1184
4 752 1804
1 1710
2 1803 3521
3 810
5
3 969
2 172 1112
3 2437
2 2577 2845
1 936
2 568 3811
1 2970
4 1803 3521
1 1835
1 796
1 4064
2 233 2898
2 1710 2845
3 3814
4 1710 2845
3 233
3 3231
1 2022
3 3498
1 1304
2 1221 2898
5
2 2022 2692
3 3521
5
3 1460
3 1553
3 1710
1 2399
4 2022 2692
2 172 2290
5
2 2399 3795
4 1221 2898
1 2449
5
4 568 3811
2 818 4064
3 1221
4 2577 2845
1 3134
3 2234
2 158 3687
4 172 1112
2 381 1418
2 1815 2449
2 1112 3134
3 2279
1 1137
1 3990
3 2438
2 818 2290
5
5
1 1631
3 2022
5
5
1 2532
4 818 4064
3 1815
4 1112 3134
1 3641
2 158 3616
5
1 3431
5
3 4064
5
2 172 568
1 1595
5
3 2501
3 3431
2 818 3795
1 1612
1 1505
2 381 3979
4 2399 3795
3 3795
4 158 3616
5
3 1595
3 4060
5
3 1304
1 190
1 3224
2 1116 2970
5
1 2867
1 3491
4 381 1418
1 1437
3 1803
2 1418 2845
5
2 1418 2068
1 1198
3 381
5
4 172 2290
3 3491
4 1418 2845
5
4 818 2290
4 172 568
3 3134
1 169
5
2 1184 2449
4 158 3687
2 936 1492
1 252
4 1184 2449
2 936 2692
5
4 936 1492
4 936 2692
5
2 936 3224
1 4022
1 3535
5
3 3301
1 2052
1 1158
1 4021
5
5
3 3641
2 1631 2399
2 3493 4021
5
4 1418 2068
3 112
1 2209
2 2068 4021
2 172 1492
5
2 2290 3979
1 3566
2 1158 1731
1 2850
1 618
1 2438
3 568
5
1 479
3 1178
2 3087 3542
3 3990
4 1631 2399
1 2772
3 2532
4 172 1492
1 1585
3 936
5
3 2970
3 3616
5
5
2 818 4022
3 2438
4 3087 3542
4 2290 3979
4 3493 4021
1 38
5
4 2068 4021
2 1437 4021
1 1588
5
3 1612
4 818 4022
3 3979
3 802
3 158
2 1437 4022
5
1 3128
5
2 1158 2209
3 821
2 796 3493
1 3031
4 1437 4021
3 2850
1 647
2 2845 3542
5
5
1 25
3 25
1 360
3 796
2 1418 1804
2 1198 3051
3 3128
3 618
5
4 1158 1731
2 1585 3051
3 252
5
3 2692
1 3293
1 1504
1 344
4 1418 1804
1 4055
1 3933
2 2573 3566
2 360 3535
4 360 3535
5
1 1985
1 469
3 2449
3 431
5
2 469 1137
1 3992
1 2030
4 1158 2209
4 1198 3051
1 2162
5
3 1492
2 360 818
3 4021
3 169
4 1437 4022
3 1158
2 1184 4055
2 2772 3933
4 469 1137
2 344 1437
3 1588
2 344 1731
4 2845 3542
4 1184 4055
4 344 1437
3 1137
1 630
1 2940
5
5
2 1804 2799
1 2340
4 2573 3566
3 1504
3 1731
5
4 1585 3051
5
4 1804 2799
5
5
3 1631
4 360 818
5
3 2068
5
5
2 2052 3992
5
3 3293
3 2867
5
1 3793
4 2772 3933
5
3 2845
1 2040
4 2052 3992
2 1112 2162
5
5
4 1112 2162
3 2162
3 3051
5
3 3566
2 469 1505
4 469 1505
1 2441
5
3 3542
5
3 3793
3 2213
2 38 3811
2 190 2209
2 1585 3687
2 752 1835
4 190 2209
2 2799 2801
4 1585 3687
1 207
4 752 1835
4 38 3811
4 2799 2801
1 1281
2 344 2209
1 2888
4 344 2209
1 684
3 1985
5
1 2762
2 1116 3087
1 667
1 2027
5
1 429
5
4 1116 3087
1 111
5
5
1 594
1 4043
5
3 667
2 752 2209
4 752 2209
3 2888
3 818
1 3725
1 2339
1 3724
1 1877
1 314
5
1 16
5
2 172 3933
5
1 2797
5
1 3263
4 172 3933
3 3933
1 2411
2 2209 2340
5
2 314 1184
2 16 2801
1 450
2 207 2685
4 2209 2340
2 190 2290
2 314 4055
2 2797 3087
3 2340
3 2030
5
5
3 3087
4 190 2290
5
5
5
2 38 1198
3 2052
5
3 2573
5
1 3244
5
1 957
5
4 16 2801
1 1867
1 2258
2 1437 1835
2 2577 4022
2 16 2339
1 1860
3 3535
2 594 1112
5
4 38 1198
1 1940
2 479 2339
4 479 2339
1 584
4 314 4055
4 207 2685
5
3 2762
5
4 16 2339
1 3626
4 1437 1835
3 2799
2 2027 3992
5
5
5
1 2395
2 3724 4055
5
3 2040
4 2027 3992
5
5
2 1437 1804
1 1648
3 360
1 716
1 3745
4 2577 4022
4 314 1184
5
5
2 1437 2797
1 3220
2 957 3493
5
5
4 957 3493
3 207
2 479 3263
4 1437 1804
4 479 3263
1 1243
4 1437 2797
3 647
3 2577
4 3724 4055
1 3528
4 594 1112
2 3220 3224
1 3982
5
5
4 3220 3224
3 469
5
2 2258 3244
4 2258 3244
2 1877 3031
4 1877 3031
1 3839
2 172 1940
1 3744
2 429 3982
2 3031 3992
4 3031 3992
1 2746
4 172 1940
1 3814
2 429 716
2 344 2290
5
5
4 344 2290
3 314
1 636
3 1877
5
1 891
5
3 3811
2 16 3745
4 429 3982
4 16 3745
3 38
3 2411
3 1648
3 1804
4 429 716
5
1 3337
3 344
5
5
3 3744
2 1184 3839
5
1 70
3 1184
2 2772 2898
2 2797 3745
2 16 1437
3 1867
2 3224 3263
4 3224 3263
5
3 2746
2 2940 3982
4 2940 3982
4 2772 2898
1 213
3 3992
4 2797 3745
5
2 1116 3220
1 2108
4 1116 3220
3 1585
5
2 1243 2797
3 2685
1 897
4 1243 2797
3 4043
5
3 3745
5
3 70
4 16 1437
1 2419
3 2395
1 901
5
3 111
2 1198 1418
1 921
2 1860 2441
2 901 1505
1 2352
3 3244
3 3493
5
1 1713
5
5
1 3526
2 1940 3528
4 1860 2441
5
2 1713 2027
4 901 1505
4 1940 3528
2 213 2027
4 213 2027
1 3788
1 440
5
3 716
3 479
4 1198 1418
5
3 3725
5
4 1713 2027
5
2 636 3788
1 1071
5
5
4 636 3788
1 652
1 3816
3 636
1 1881
3 1418
2 1881 1940
5
3 1116
4 1881 1940
2 3626 4022
3 2339
5
4 3626 4022
1 860
1 3554
5
3 2898
5
3 3220
2 1713 3982
1 2191
1 3945
4 1713 3982
5
1 3452
3 684
3 2209
1 3430
3 3816
1 1663
3 3224
5
5
2 440 3687
4 440 3687
2 2352 3526
5
1 3579
4 2352 3526
3 2258
3 3430
2 921 1505
5
5
1 2927
5
3 3945
4 921 1505
5
2 630 921
4 630 921
1 2435
2 1071 3554
3 1881
3 1071
2 3724 3788
4 3724 3788
1 2220
2 450 3982
1 2780
1 3362
1 3773
4 450 3982
5
2 440 860
4 440 860
2 901 2191
2 1835 3788
5
1 580
5
2 630 3626
1 3222
4 630 3626
4 901 2191
3 1663
3 213
2 957 1243
4 1835 3788
4 957 1243
3 3724
2 2399 2419
3 3031
4 2399 2419
3 594
1 123
1 3285
2 1281 3528
5
1 304
5
4 1281 3528
1 2278
2 1281 2772
1 456
5
1 61
4 1281 2772
1 1510
1 350
2 1940 3773
5
2 2435 3814
1 2704
3 2352
2 1940 3579
4 1940 3579
3 123
3 4022
5
3 1940
1 3851
4 2435 3814
3 3788
5
1 3151
1 87
5
2 16 1112
3 2108
2 2419 3773
2 652 2780
4 2419 3773
1 2022
1 3702
3 2027
2 350 652
3 584
4 350 652
4 652 2780
1 120
3 2801
5
3 3285
2 2278 2399
5
5
3 3452
1 2093
3 957
3 2772
1 1364
1 2323
2 304 2435
1 284
2 1112 2435
1 3437
3 2419
3 2399
5
3 891
3 2797
4 16 1112
1 1474
5
1 3433
5
4 304 2435
5
4 1112 2435
3 3814
2 1243 2278
2 456 1835
1 0
4 456 1835
2 0 3151
4 1243 2278
3 3579
1 2156
2 2278 3773
3 1281
5
1 1565
4 0 3151
1 3432
1 1782
1 2690
5
1 3462
5
1 83
5
3 1437
3 1474
3 1510
1 2592
4 2278 3773
3 1835
1 3561
1 3085
3 580
3 2435
3 630
5
3 2290
5
5
3 1112
3 3337
5
2 172 284
2 1565 3702
1 1661
2 456 1782
5
1 1987
5
5
2 3687 3839
2 190 1987
4 1565 3702
3 4055
3 3528
4 456 1782
5
1 890
4 3687 3839
3 1565
4 190 1987
3 1505
3 2940
2 190 901
4 172 284
4 190 901
5
1 4031
3 890
2 897 3626
5
4 897 3626
5
3 3982
3 87
2 2093 3839
5
4 2093 3839
3 2592
5
5
5
5
5
1 760
1 3601
1 3193
3 172
1 3411
1 2048
2 2278 3554
3 1243
2 3433 3702
3 4031
2 61 2093
2 2048 3193
2 1987 3702
2 2220 3526
2 2704 3362
2 16 1198
2 652 897
3 3851
4 1987 3702
2 16 2927
4 2278 3554
5
2 3411 3432
2 652 1661
4 2048 3193
5
2 450 3085
3 2704
4 652 1661
5
3 3554
1 1509
2 1364 3839
1 2015
2 2927 3526
4 61 2093
1 1486
1 1388
1 1720
1 1916
1 797
5
1 1229
3 897
4 1364 3839
3 0
1 4008
1 1723
2 901 1916
1 2839
3 4008
5
5
2 797 1782
3 1782
5
1 1818
3 1364
5
4 2220 3526
1 1328
5
4 16 1198
2 350 1661
4 3411 3432
2 901 2156
5
3 2015
1 2221
1 1679
4 2927 3526
4 350 1661
3 2839
4 901 2156
4 901 1916
3 284
4 3433 3702
3 1486
4 16 2927
4 450 3085
2 1987 2156
2 1916 3411
1 3600
3 429
5
3 3773
1 3588
4 1987 2156
1 3533
3 2156
2 1509 3601
4 1509 3601
4 1916 3411
3 3222
2 2220 2221
2 860 1229
4 860 1229
4 2220 2221
1 2071
3 797
1 1624
1 3313
2 440 2191
3 1388
3 16
1 2606
3 2278
4 440 2191
3 3526
5
2 1723 3702
4 1723 3702
5
1 3751
5
5
1 1228
3 1679
2 83 3433
1 2768
1 1233
3 1198
4 83 3433
1 5
2 1624 3533
4 1624 3533
2 1860 2220
2 304 1860
2 3588 3626
2 350 2780
2 190 1229
4 3588 3626
1 1781
5
2 760 3362
1 3105
2 1916 2606
1 717
5
5
4 304 1860
3 1624
3 61
4 1860 2220
3 456
5
2 3462 3626
3 2606
4 350 2780
5
4 190 1229
5
2 717 760
2 3533 3626
5
5
5
3 2927
1 2181
3 2048
5
2 1509 1723
4 760 3362
1 3312
4 3462 3626
3 901
4 717 760
1 3517
1 2913
5
2 921 1229
3 1229
4 3533 3626
2 3437 3462
2 304 3437
5
1 1984
5
2 3533 3839
5
5
4 3437 3462
3 760
3 1661
3 304
1 876
5
2 120 717
3 652
4 3533 3839
5
2 120 3105
3 2913
4 1509 1723
3 3626
3 1509
5
4 120 3105
5
5
3 2220
4 120 717
1 2983
2 2071 3151
5
3 2093
5
4 2071 3151
5
2 2323 3085
4 2323 3085
1 4039
1 501
2 450 3437
5
4 450 3437
5
5
1 141
5
2 3193 3433
3 1233
3 2768
4 3193 3433
3 190
3 3312
3 3362
1 561
2 1984 3533
5
1 123
4 1984 3533
1 2310
5
5
5
3 3601
3 123
3 2441
3 1818
3 3462
2 3313 3411
2 3263 3702
4 3313 3411
5
2 1781 2191
1 1574
5
1 174
1 2227
1 1393
1 3176
3 3263
5
5
3 3151
4 1781 2191
1 2986
3 3176
2 3411 3432
1 634
1 2512
5
3 3687
5
5
2 1916 1987
1 3937
3 3588
5
5
2 2512 3313
1 1603
5
5
5
1 3227
5
3 1723
1 3093
4 3411 3432
1 2649
3 1987
3 3561
4 2512 3313
5
1 2748
2 1713 3193
4 1713 3193
1 2060
1 487
5
5
1 960
1 1352
2 120 1781
5
1 3351
2 960 2983
1 1351
2 1352 2780
4 960 2983
1 2876
1 1629
5
4 1352 2780
5
5
2 2748 3193
3 3105
4 2748 3193
1 1234
5
5
3 2191
2 487 1860
1 2931
4 120 1781
1 2651
4 487 1860
5
5
5
5
3 1984
1 3616
3 4039
3 2649
1 1401
2 1228 2931
2 1916 3702
1 1592
5
4 1228 2931
2 1860 2512
1 3145
5
5
2 1629 3433
5
3 440
3 1629
3 1603
1 1304
3 752
3 3937
2 501 717
3 3517
4 501 717
1 2744
4 1860 2512
2 3533 3751
4 3533 3751
5
5
1 2835
5
3 3093
4 1916 3702
3 3351
3 1574
5
2 120 2323
5
1 39
2 3085 3839
5
2 1328 3600
4 3085 3839
1 3212
3 350
4 1328 3600
4 120 2323
5
5
5
5
3 3839
1 3952
3 2221
3 717
1 215
3 1234
5
1 2898
3 1592
5
5
2 634 960
3 2310
5
3 1328
5
4 634 960
1 1875
5
2 141 450
4 141 450
1 819
5
3 501
5
3 3751
5
3 3533
2 1401 1720
5
4 1401 1720
1 2944
3 2931
5
2 174 2512
1 632
5
4 174 2512
5
1 42
1 901
3 2071
2 2227 2651
1 3199
4 2227 2651
3 3212
5
3 901
2 2944 3085
1 1666
1 1106
2 2227 3952
4 2227 3952
2 174 561
3 1666
5
4 2944 3085
4 174 561
3 2323
5
1 1011
5
5
3 2876
2 561 1228
3 2060
2 3193 3952
1 2684
3 174
1 1568
5
3 3600
2 3437 3702
1 2485
3 1875
4 3437 3702
4 3193 3952
3 2022
5
2 42 2835
1 3556
1 3212
3 39
4 561 1228
4 42 2835
1 2613
1 3938
1 967
3 2690
5
3 3199
3 42
1 3277
1 1807
3 487
5
3 2986
2 450 2983
2 2748 3432
1 1686
4 450 2983
5
5
5
2 2181 3432
2 1720 3432
1 2977
5
3 3938
2 1401 3145
3 819
2 632 967
3 1393
3 215
5
5
4 1401 3145
5
5
1 637
5
2 561 2977
1 802
5
3 2181
2 1781 1807
5
2 2780 3145
3 2651
5
2 876 2748
3 1352
4 2780 3145
5
3 2977
3 3702
3 1713
3 2684
1 3230
3 120
2 5 3212
5
2 2898 3556
3 3193
4 1781 1807
5
3 561
3 3230
3 1011
5
5
3 960
1 1210
5
5
1 2460
1 457
4 632 967
3 1401
1 2482
3 2983
2 1568 1686
1 1183
2 3085 3952
4 1568 1686
5
1 2281
4 876 2748
3 3313
2 967 3411
5
1 1397
2 1228 2482
4 2898 3556
5
3 1568
1 1146
5
5
1 229
1 555
5
5
2 1146 3437
1 2644
1 1365
5
3 229
3 637
2 2482 3212
2 2613 2898
3 2644
1 468
3 1106
1 791
2 967 2944
3 860
1 3308
1 2617
5
3 457
4 2613 2898
3 555
2 634 791
3 802
2 1860 2460
2 791 921
1 1729
4 634 791
3 2227
5
3 5
5
1 3929
2 141 3308
4 3085 3952
5
1 356
3 3308
2 356 921
4 1860 2460
2 83 3411
4 1720 3432
5
2 967 1397
3 1860
5
2 3432 3952
4 356 921
1 1298
1 1746
2 356 1807
2 921 2482
1 911
1 43
4 2748 3432
4 1146 3437
2 2780 2898
2 1686 3212
5
1 1897
5
5
2 3432 3433
1 1790
4 83 3411
1 186
4 1686 3212
1 2210
5
2 911 1746
1 3564
1 3030
5
1 3311
1 1929
3 3227
2 911 1729
2 83 1720
4 791 921
3 632
4 967 3411
1 1040
2 1298 2748
5
2 1929 2482
4 967 2944
5
2 2512 3432
2 2210 3411
1 2337
5
1 411
2 1298 2512
3 1365
4 2210 3411
1 2537
2 468 3212
1 2228
2 1720 2228
5
2 1781 2537
3 1210
1 1175
3 3433
5
4 83 1720
5
3 1807
3 2835
5
4 1720 2228
3 921
5
3 83
3 3145
4 1781 2537
2 3311 3929
3 468
4 3432 3952
3 186
2 141 2512
4 1929 2482
5
3 3085
3 2617
5
1 1398
3 1304
2 1040 2281
4 967 1397
5
2 2228 3952
4 141 2512
1 3078
4 3311 3929
3 911
2 1929 2898
4 2512 3432
4 1298 2748
5
1 969
4 2780 2898
3 1298
3 1146
5
4 1929 2898
4 2228 3952
5
2 43 3411
3 2944
4 43 3411
1 2694
4 1040 2281
2 1781 3556
4 1228 2482
5
5
1 3000
5
4 1781 3556
2 2694 3564
2 141 1397
2 2210 3432
3 791
2 141 1746
5
5
1 968
1 949
4 141 1397
3 3411
4 2210 3432
3 968
4 141 1746
5
3 1781
5
4 2694 3564
4 2482 3212
5
2 1929 3556
5
3 2898
3 141
1 3757
2 1175 3000
5
2 2512 3437
2 1397 2460
3 411
3 634
5
3 2485
4 1929 3556
1 1194
3 2744
3 2694
5
1 2445
4 2512 3437
3 2748
3 3277
3 1929
5
1 396
4 1175 3000
4 1397 2460
5
3 3078
3 1916
5
3 2210
1 2808
1 3150
1 3407
1 3986
3 1729
2 876 1194
1 3047
5
5
4 876 1194
1 3329
1 3254
5
3 2512
2 450 1686
5
3 969
3 3311
1 3650
4 450 1686
5
1 335
3 3952
5
3 876
3 2228
5
1 2158
3 3047
2 396 2158
5
1 1587
3 396
1 151
3 1720
1 2642
2 3616 3757
2 450 2337
1 417
2 3407 3616
2 43 1686
4 3616 3757
3 1351
4 3407 3616
4 43 1686
2 1040 2281
2 1790 3437
4 450 2337
1 4014
3 2482
1 3569
1 2645
2 1897 2645
5
4 1790 3437
1 1689
5
3 3030
2 3556 4014
4 1040 2281
5
4 3556 4014
1 3478
2 1040 2537
1 1387
5
5
4 1040 2537
1 3243
1 505
5
1 705
3 949
2 967 3757
4 967 3757
4 1897 2645
2 1183 2613
1 2761
2 1897 2281
2 2613 3556
4 2613 3556
4 1897 2281
4 1183 2613
3 505
3 2445
1 1514
5
3 705
2 2337 3556
4 2337 3556
3 4014
1 3492
5
1 2389
3 3929
3 2780
3 1040
2 335 1790
3 2158
3 356
1 3694
1 692
4 335 1790
5
1 2293
5
3 3329
2 3437 3556
5
2 1686 3556
2 692 3432
1 1881
1 1505
1 447
4 692 3432
2 2645 3650
3 2808
3 1897
5
3 1514
4 1686 3556
1 1785
3 3616
3 1397
2 3407 3650
3 1790
2 1183 2460
3 3212
5
4 2645 3650
4 1183 2460
5
2 3407 3432
4 3407 3432
1 1747
3 3564
2 1587 3000
1 1019
5
3 3986
4 3437 3556
5
2 2537 3000
5
1 2135
4 2537 3000
2 1387 3254
4 1587 3000
3 3478
3 3556
4 1387 3254
4 3407 3650
3 3650
2 1019 1175
5
3 692
5
4 1019 1175
5
5
5
3 3000
3 1175
5
1 66
2 417 447
1 1715
5
2 447 1785
4 417 447
4 447 1785
3 3492
5
3 2135
2 1505 2293
1 3676
2 967 1228
2 1746 3254
4 1505 2293
1 3130
1 3490
1 3991
2 43 2293
5
3 3130
1 1154
3 3432
3 1746
3 335
5
4 43 2293
5
2 1194 2613
1 1876
5
4 967 1228
3 3757
1 2179
2 1587 3150
4 1194 2613
3 43
2 2613 3254
1 3920
5
5
3 2761
4 2613 3254
1 1152
4 1587 3150
3 1398
3 1183
2 417 2460
3 2642
2 3676 3920
4 417 2460
5
4 3676 3920
5
1 1438
5
2 1152 3694
4 1152 3694
5
3 1438
1 6
3 2293
3 3694
2 151 1194
4 151 1194
1 5
5
1 1429
5
1 3837
3 3243
5
5
5
3 2460
2 66 1019
3 3437
2 1429 1747
2 2179 2613
2 1785 2337
1 583
2 5 3569
2 1154 1387
3 1429
5
4 1154 1387
1 1650
2 967 2389
2 1387 1876
5
3 1785
5
5
4 2179 2613
2 1650 3920
2 66 447
5
5
4 967 2389
3 6
3 3407
2 1881 3920
5
4 66 447
4 1650 3920
1 827
5
2 2179 3676
5
5
1 656
1 1305
2 1715 3837
5
3 1505
5
4 2179 3676
2 2337 3676
2 1154 1305
2 1194 3254
5
3 3837
5
1 169
2 169 1228
3 3676
3 450
4 1881 3920
1 317
1 1926
1 1240
2 1387 3490
3 656
4 169 1228
1 1753
1 335
1 1793
1 448
4 66 1019
3 1747
2 169 1753
2 1228 2645
5
3 1926
1 219
5
5
3 5
1 636
4 169 1753
5
5
4 1228 2645
5
2 1686 1689
4 1387 1876
3 3150
4 1387 3490
1 230
2 636 3490
3 219
2 317 827
4 1194 3254
5
5
2 1228 2389
5
5
1 716
1 2644
1 48
4 636 3490
2 716 3490
4 716 3490
4 1686 1689
2 317 583
1 1670
5
3 2281
3 447
3 3991
3 967
5
2 1587 3254
4 1154 1305
4 317 827
1 981
3 1881
5
4 317 583
1 3600
3 3254
3 1154
1 3269
5
5
2 1240 1587
1 1853
5
5
1 398
2 1240 1715
2 448 716
2 636 1853
1 1815
4 636 1853
4 448 716
4 1228 2389
1 658
1 1334
5
4 1240 1715
4 1240 1587
3 169
3 2613
5
1 3337
1 3289
1 1530
3 317
1 1560
2 583 1753
4 583 1753
2 230 1793
4 230 1793
5
3 3269
1 3736
3 827
3 2537
2 1670 3490
5
4 1670 3490
2 1228 1689
1 2357
2 1560 1587
3 3490
2 398 2357
4 1560 1587
2 981 3600
4 981 3600
4 398 2357
1 3095
4 1228 1689
3 1530
5
1 1442
1 3917
3 417
2 2645 3569
1 2033
4 2645 3569
3 230
1 3512
3 3600
3 1194
3 583
3 3095
1 3733
5
2 66 2645
3 1442
5
4 66 2645
1 3099
1 2473
1 3328
1 3045
3 1387
1 3350
1 150
5
5
3 3512
3 1240
3 1853
1 3801
1 778
5
5
1 2011
2 151 2011
5
2 151 1689
4 151 1689
4 151 2011
1 29
1 654
2 335 3733
2 1686 2337
5
1 2497
4 335 3733
4 1686 2337
2 981 3801
4 981 3801
1 3409
5
2 2011 2645
4 2011 2645
3 654
1 381
1 2840
1 1933
3 1305
3 3289
1 3787
2 658 3569
1 3048
1 929
5
3 929
5
3 636
1 1456
3 1815
5
1 4023
2 2497 3920
5
3 335
2 1228 1876
4 2497 3920
1 4013
1 2935
5
1 2872
1 3264
4 658 3569
5
3 1152
4 1228 1876
5
1 585
1 251
1 2346
5
5
2 151 4023
3 3733
5
1 744
5
3 778
5
4 151 4023
2 2473 3045
3 2645
5
5
3 3045
5
3 448
2 1689 2840
4 1689 2840
5
5
5
5
1 3141
5
2 2840 4023
3 716
5
3 1689
1 3852
2 1456 3337
3 1334
2 1650 2357
4 1650 2357
2 3141 3328
2 2179 3337
1 1133
5
1 2037
5
1 952
3 2644
4 2840 4023
4 2179 3337
3 3920
5
5
1 3529
4 1456 3337
5
5
2 1133 2497
5
3 2037
1 2611
5
3 1019
3 48
4 3141 3328
3 3569
2 2033 3736
1 1108
1 1977
3 398
4 1133 2497
5
3 3337
4 2033 3736
1 611
3 4023
5
1 2460
1 2549
3 2033
3 2872
3 1133
3 952
2 1670 2011
1 2184
4 1670 2011
5
3 3328
5
5
3 3350
5
2 66 2611
4 66 2611
5
2 1108 2460
3 29
2 1933 3048
4 1933 3048
2 744 1753
1 1660
4 744 1753
3 3264
5
2 585 2184
5
1 2529
2 585 3736
3 1587
4 585 2184
3 981
2 150 1933
5
2 1753 2346
4 150 1933
1 2146
2 3787 3852
5
2 1650 3529
3 3529
5
4 1108 2460
2 1660 1933
3 1670
1 2367
4 1753 2346
5
3 585
4 1660 1933
2 66 1715
3 2179
3 1456
5
3 2460
5
2 1686 1933
3 66
1 1788
2 1788 2367
3 381
2 251 2184
2 744 3736
4 1686 1933
1 3794
2 1715 1788
3 611
3 3794
3 2346
1 2701
4 251 2184
4 1788 2367
5
1 1762
1 57
4 1715 1788
2 1762 2935
3 1686
1 3689
1 1978
2 150 251
2 1560 3917
3 744
4 3787 3852
4 150 251
4 1560 3917
4 1762 2935
2 1978 2389
1 1481
4 1978 2389
3 3141
1 131
1 2120
3 251
1 52
1 285
5
1 3175
5
3 2529
3 2840
2 52 2497
2 52 2146
5
2 52 1762
2 3801 3917
1 1252
3 150
1 2306
3 1560
3 3787
5
1 3606
5
2 1481 1793
1 3364
5
1 164
3 4013
1 3241
5
1 191
2 2549 3364
5
2 1876 2367
2 2120 3852
5
4 52 2146
5
3 2473
4 3801 3917
4 1876 2367
1 1559
1 2025
1 1222
3 2146
5
3 2935
4 1481 1793
5
3 3409
4 52 2497
1 147
5
5
1 87
1 3671
3 1876
5
1 425
5
2 52 1252
3 3689
4 52 1252
4 2120 3852
2 658 1222
4 2549 3364
5
1 1985
5
1 1399
2 147 3241
1 2194
5
1 3040
2 1108 1222
2 2306 3099
5
4 658 1222
1 1406
2 131 2357
5
2 1406 1788
1 2401
2 658 3364
4 1108 1222
1 402
5
2 1660 2194
4 1406 1788
5
1 2864
4 2306 3099
3 1252
3 3048
1 1702
3 2120
3 1933
5
1 3943
2 2184 3801
1 3941
4 658 3364
3 3917
1 92
3 3364
3 1481
4 131 2357
2 57 2011
5
4 57 2011
2 131 2011
3 52
4 131 2011
2 425 1762
2 3736 3852
4 425 1762
3 131
5
4 3736 3852
3 57
2 1702 3040
5
5
3 1559
1 2632
4 2184 3801
3 3099
5
1 537
1 1316
5
4 1702 3040
4 1660 2194
1 1609
5
1 3868
4 147 3241
3 3868
5
5
1 3489
2 1222 1753
1 4025
5
3 151
5
1 2195
2 1228 1793
2 1715 2337
4 1715 2337
5
2 1399 2611
1 1851
3 147
5
2 92 3736
2 2632 3801
1 86
2 1793 2401
5
2 86 3852
2 2306 2497
5
3 86
1 2276
5
4 1793 2401
5
5
1 3058
2 2184 3852
3 402
2 1978 3943
2 2194 2864
5
3 3943
2 2195 2497
2 2549 4025
3 3801
4 2194 2864
3 1406
2 92 1978
1 1410
4 1228 1793
2 1399 2549
5
5
5
3 2497
5
4 92 1978
4 2184 3852
2 1715 3175
5
3 3489
3 1609
1 728
1 1168
3 3852
4 1399 2611
4 92 3736
1 2741
4 1222 1753
2 3040 3175
4 1399 2549
3 2184
2 658 1660
1 3536
1 528
3 164
3 1228
1 3968
3 1978
5
1 2066
5
5
4 1715 3175
5
3 87
4 658 1660
5
5
2 2632 3241
2 1410 3040
4 3040 3175
3 1793
1 1049
5
4 1410 3040
2 2401 2864
4 2632 3241
5
1 2158
4 2401 2864
5
1 3478
2 2306 2337
5
3 1168
1 3619
1 832
1 1560
3 2337
1 2452
4 2549 4025
3 92
3 2632
5
2 2389 3241
4 2389 3241
1 1037
5
1 2360
2 191 528
5
1 1585
1 2443
5
3 2276
4 191 528
3 1702
1 36
3 1222
2 1660 3736
1 1402
5
1 800
4 1660 3736
5
1 3037
1 505
1 2449
2 528 2158
1 548
3 3040
3 1788
4 528 2158
1 966
5
3 2701
3 832
3 3478
1 3599
3 537
3 1715
5
1 1391
3 1399
2 1560 1753
4 1560 1753
3 3619
1 2284
5
3 2367
3 2401
2 966 3175
3 3241
4 966 3175
2 1650 2284
3 2284
2 1977 2449
2 2611 3671
2 1560 2357
3 800
1 562
2 1585 1977
3 2611
5
2 2306 3058
5
5
1 454
1 412
5
5
4 1560 2357
1 2693
2 1762 3968
5
1 3583
2 1049 1762
4 1977 2449
3 1037
4 1585 1977
5
1 254
2 412 1410
2 2194 2741
1 3681
1 3110
3 2741
3 2443
4 2306 3058
4 1049 1762
5
5
3 1753
1 1818
4 412 1410
4 1762 3968
5
3 3599
2 505 1391
2 254 2549
3 966
3 2011
5
4 505 1391
4 254 2549
5
3 3110
5
1 431
3 2449
2 285 1316
2 191 2864
2 3037 3536
4 285 1316
1 3709
5
2 548 1560
4 191 2864
3 1985
4 548 1560
1 2159
5
2 2360 3536
1 457
2 1391 1660
5
5
2 254 3175
3 658
5
4 3037 3536
5
4 1391 1660
1 2310
4 254 3175
3 1049
3 425
1 3903
3 528
2 431 1410
3 2452
2 254 3681
3 285
2 254 1560
1 3529
1 2802
4 431 1410
2 36 2194
3 1851
3 3606
3 1316
3 1660
4 254 3681
2 1650 2158
4 36 2194
4 1650 2158
5
5
3 3175
3 457
4 254 1560
5
5
3 4025
5
4 2360 3536
5
5
2 728 1410
5
1 81
4 728 1410
2 2195 2693
5
2 1402 1977
2 2864 3709
1 3221
1 2629
3 2693
3 1108
1 607
4 1402 1977
1 2761
1 2021
3 562
1 1513
2 2195 3736
4 2195 3736
4 2864 3709
3 2195
2 254 1513
5
2 191 2025
3 454
3 1513
1 1427
4 191 2025
2 2066 3671
3 1402
3 548
3 2159
1 3487
5
1 900
3 2549
3 431
4 2066 3671
2 728 3529
3 1560
2 3583 3968
3 2194
1 1097
2 2357 2864
1 761
2 191 2158
1 2529
5
1 1578
3 2389
1 3695
2 1410 1650
3 2306
5
3 1585
4 728 3529
3 3695
4 2357 2864
4 1410 1650
2 2158 3487
4 2158 3487
1 228
5
3 3583
5
3 2802
2 3536 3968
1 3799
5
4 191 2158
3 1427
5
2 1578 2357
2 1097 3536
5
5
3 254
1 726
2 728 2360
1 631
4 1097 3536
4 728 2360
1 3638
5
4 1578 2357
3 81
3 2158
2 1578 3221
3 3058
1 923
5
2 412 728
1 1358
3 3487
4 3536 3968
5
4 1578 3221
5
3 2021
4 412 728
5
2 412 2629
2 2761 3903
5
1 2842
4 2761 3903
1 1896
5
2 36 1977
2 923 2310
3 3709
1 799
1 3977
5
5
4 36 1977
5
3 412
5
3 2529
3 3903
4 923 2310
2 2864 3736
2 1410 2357
4 1410 2357
3 726
1 1953
3 3736
1 3801
2 728 3799
1 1654
1 672
5
5
4 728 3799
1 2001
3 799
1 2633
2 36 900
4 36 900
2 1977 2633
2 1977 3037
3 3977
1 3193
3 900
1 3381
1 2825
5
2 761 3221
5
5
2 631 1410
4 761 3221
5
3 191
5
1 1136
5
3 3799
1 98
1 3388
1 514
4 631 1410
4 1977 3037
3 3638
4 1977 2633
5
3 3388
1 2108
3 3941
5
2 1097 2360
1 2573
1 1070
4 1097 2360
5
5
2 1762 3671
1 1725
4 1762 3671
5
1 2202
3 36
2 607 1818
5
4 607 1818
3 2360
2 1358 1953
5
2 2357 3681
2 3536 3681
4 2357 3681
1 3092
1 847
1 2611
5
4 1358 1953
4 3536 3681
5
1 2023
3 3037
3 2023
5
1 1686
3 1097
3 3671
3 1410
5
3 2611
1 3197
2 228 607
4 228 607
2 1762 3801
1 920
4 1762 3801
5
1 469
3 469
5
5
5
3 3536
1 2975
2 1070 1725
5
4 1070 1725
3 761
3 3381
2 2357 2633
4 2357 2633
3 2761
5
1 244
2 228 3801
3 1896
2 1953 2573
5
1 2954
2 923 2001
4 923 2001
2 2825 3968
5
5
2 2202 2573
3 607
4 228 3801
4 2202 2573
4 2825 3968
4 1953 2573
3 3197
1 1148
1 1428
3 2842
5
2 514 1654
5
5
1 302
5
3 1725
4 514 1654
3 2357
1 2680
1 1334
1 3296
2 98 2680
5
5
4 98 2680
1 3700
2 98 228
3 728
4 98 228
3 920
1 331
1 1527
3 1334
3 1070
2 1358 1578
1 2302
1 2072
1 125
3 505
4 1358 1578
1 3405
1 3432
3 1136
3 1527
2 2302 3681
3 2864
2 2633 3193
1 2381
2 1953 2629
1 2528
2 1654 1818
4 1953 2629
3 2310
4 1654 1818
2 631 3193
5
2 1650 2302
5
3 3432
5
5
3 3193
1 2199
2 1358 3405
2 1578 2954
5
3 2975
2 3296 3681
1 2485
1 1438
1 773
3 1762
3 2072
1 3944
5
3 1977
1 3330
3 1578
2 244 631
5
4 2302 3681
1 3505
5
1 1164
4 244 631
5
5
1 640
5
4 3296 3681
1 2097
2 3092 3529
4 1358 3405
3 2097
4 3092 3529
1 1536
5
3 3221
5
4 1650 2302
2 2381 3405
5
1 116
2 244 302
2 228 1953
3 2001
3 2199
4 2381 3405
2 1148 2485
5
4 228 1953
1 1918
3 3529
2 1953 3405
1 3848
3 3968
4 1953 3405
4 244 302
1 1936
3 2025
3 228
5
5
1 3846
5
2 1358 1428
5
2 773 1686
5
4 773 1686
5
2 514 2108
3 631
4 1358 1428
5
4 514 2108
3 2202
2 1148 1918
1 1117
3 3505
5
4 1148 2485
5
1 2623
1 3498
1 2802
2 1358 2680
5
1 3742
1 10
4 1148 1918
2 3498 3848
2 98 2802
3 1953
4 3498 3848
5
4 1358 2680
5
5
2 1936 3848
1 2461
2 3405 3846
2 244 1438
5
3 10
2 1536 2573
3 2381
4 1536 2573
2 1428 2485
3 2825
3 2066
2 125 2485
2 1164 2485
3 3700
4 98 2802
1 2044
4 1164 2485
2 514 2629
1 2941
4 514 2629
3 1936
4 125 2485
3 2108
5
1 3485
2 1918 2485
3 1358
4 3405 3846
4 1918 2485
4 244 1438
4 1428 2485
5
2 1918 2802
4 1918 2802
2 1818 2633
2 302 2623
3 2528
4 302 2623
5
3 3742
4 1818 2633
3 2485
1 1244
2 2680 3944
1 2579
3 2941
4 2680 3944
2 2302 2633
3 1391
5
4 2302 2633
3 672
2 3498 3681
5
4 3498 3681
1 4075
2 116 2623
4 116 2623
1 3266
3 2633
2 2623 3801
2 98 1164
3 116
4 98 1164
2 2954 3848
5
5
2 2623 2680
5
4 2623 2680
5
1 1774
4 2954 3848
5
2 244 331
4 2623 3801
4 244 331
5
3 2680
1 429
3 2573
1 878
1 2126
1 101
1 2391
2 514 3485
1 1848
5
5
1 3500
1 2881
3 429
1 2407
1 2656
3 3498
2 302 3092
3 3500
4 302 3092
2 3848 4075
2 2302 3405
1 458
4 2302 3405
2 847 3801
4 514 3485
5
4 3848 4075
5
3 1117
1 345
4 847 3801
2 847 1438
3 923
5
5
4 847 1438
1 1553
1 2207
3 98
3 3848
5
1 3536
5
1 2619
2 1164 2391
1 1996
4 1164 2391
2 2579 3405
5
2 1536 3266
1 2121
5
1 2392
3 331
1 371
5
2 2391 2623
2 1996 2656
1 2379
4 2391 2623
3 1428
3 345
1 3725
1 2258
4 1996 2656
4 1536 3266
1 3271
5
3 302
1 153
4 2579 3405
5
1 1459
2 1918 2126
3 3092
3 371
4 1918 2126
2 2207 2392
2 1459 2207
4 1459 2207
2 1774 3330
3 1459
2 1164 3536
3 2629
2 773 2881
3 1553
4 1774 3330
2 3725 4075
1 3971
3 1244
3 3801
5
1 2667
1 1153
5
3 2302
3 458
1 3624
5
4 1164 3536
4 773 2881
5
4 3725 4075
5
3 2392
2 514 2044
5
2 1848 2881
2 1774 2379
1 2683
1 3117
4 1848 2881
5
3 2656
2 244 1438
2 244 4075
3 2207
5
1 1060
4 244 4075
4 244 1438
4 514 2044
2 1060 1818
1 2971
3 3971
3 2667
2 514 2971
5
3 3266
1 660
1 702
3 2579
1 1787
3 3725
2 2121 2461
5
1 1481
5
4 1774 2379
1 2298
2 1686 1774
1 2164
2 1164 1438
1 394
2 847 2971
2 2044 3485
2 1148 2379
1 1174
3 101
5
2 394 1848
2 1481 3405
1 1108
3 773
3 2126
3 3944
4 1481 3405
3 2683
1 292
5
2 1108 2391
4 847 2971
1 2647
2 1654 2623
1 149
1 2284
2 292 1164
2 3271 3405
1 3949
4 1686 1774
4 3271 3405
3 2461
2 149 3846
3 2407
3 2619
5
4 394 1848
4 1164 1438
3 2881
5
1 1534
5
1 2646
3 292
4 1060 1818
2 244 640
1 1524
4 149 3846
3 3330
3 878
2 244 4075
1 3555
2 702 1686
3 4075
4 514 2971
3 1164
2 244 1148
4 1108 2391
1 3561
5
5
5
1 1284
2 2802 3296
3 2044
3 640
1 2760
4 1148 2379
4 2802 3296
5
5
2 149 1536
5
4 702 1686
5
5
4 244 1148
4 149 1536
3 1686
5
2 1108 2623
4 1108 2623
2 2121 2258
1 226
5
2 244 1996
5
1 1133
5
2 1284 3949
1 1690
1 767
3 2379
1 2900
2 702 1918
3 3296
5
5
5
4 1284 3949
4 702 1918
1 3135
5
1 3837
1 613
3 613
1 3678
4 2121 2258
1 520
2 1438 1774
3 3135
2 847 1438
4 1438 1774
2 226 1996
1 262
3 3405
1 3798
1 3086
5
3 125
3 1153
5
5
5
1 2655
3 1654
2 2802 3678
3 1438
5
4 2802 3678
3 2760
1 1782
2 1996 3837
2 514 1534
4 1996 3837
2 2646 3536
2 149 2954
3 1818
2 1996 2646
1 3671
4 226 1996
2 1650 2646
4 514 1534
1 2207
2 660 3837
3 1782
1 1593
3 2802
4 660 3837
3 1774
2 1534 3536
4 2646 3536
4 1534 3536
4 1650 2646
3 262
5
2 1996 2900
2 1650 3271
1 1350
5
1 344
5
4 1996 2646
2 1148 1284
4 149 2954
2 1524 3671
5
5
1 2236
5
5
4 1650 3271
5
1 1163
5
3 2954
2 3485 3681
4 1996 2900
4 244 1996
5
2 2655 2900
5
5
3 1174
3 2391
1 1270
4 3485 3681
4 2655 2900
2 1787 2646
5
5
5
5
1 1310
2 514 767
5
2 1536 2207
4 1148 1284
4 514 767
3 1310
4 1524 3671
4 1536 2207
5
3 1350
2 149 2121
1 3857
4 1787 2646
5
3 3798
2 1918 2284
1 3729
3 2207
4 149 2121
2 1534 2298
1 3889
3 3086
2 847 3671
2 1284 2164
5
2 1108 3555
4 1918 2284
1 677
4 1108 3555
3 3271
1 1941
2 1163 1270
2 244 3678
4 244 3678
1 2799
2 149 1163
4 1284 2164
2 153 1650
2 1284 3117
5
1 1799
3 1650
5
2 1941 3536
4 1163 1270
5
1 468
3 3555
1 433
2 1941 3681
2 433 1148
3 1284
5
2 1536 3949
1 663
4 1941 3536
2 3485 3857
5
2 1941 1996
5
3 433
1 2333
1 2850
4 149 1163
5
4 1534 2298
3 1524
5
1 3415
3 3485
2 847 2647
2 153 3729
1 2861
1 158
2 2850 3624
1 1728
1 462
1 973
3 663
1 1251
1 4044
1 1785
1 3097
2 1785 2647
4 153 3729
2 1270 3097
2 1690 3536
1 535
2 226 3949
1 163
4 847 3671
5
4 1785 2647
1 2196
4 847 2647
1 538
4 1941 3681
3 514
2 2164 2647
3 3561
4 2164 2647
3 1593
1 2309
3 1785
1 837
5
1 762
4 1941 1996
5
5
2 762 1536
4 226 3949
4 762 1536
3 1270
4 2850 3624
1 2376
2 226 1133
1 1946
4 1536 3949
5
3 2121
4 1690 3536
3 3671
5
2 3857 4044
2 244 762
3 1251
4 244 762
2 660 3097
3 2298
4 3857 4044
3 2646
5
5
5
2 1799 2647
3 847
2 2655 3678
2 2799 4044
5
4 660 3097
4 2799 4044
2 2284 3681
2 762 2900
2 2971 3837
3 3837
4 762 2900
3 2971
5
5
5
1 252
5
2 1534 1690
4 2284 3681
1 1222
5
3 226
5
1 2746
1 4058
2 158 3857
2 2655 3889
1 3664
5
4 1799 2647
2 1222 2333
2 1222 3729
2 149 244
2 252 3949
2 1148 2333
1 3406
2 973 3536
1 1256
2 344 973
2 1108 3949
2 702 1946
3 535
5
5
1 2526
1 2218
2 2196 2218
3 2861
4 2655 3889
3 1481
3 4044
2 2164 2196
3 1148
1 685
4 252 3949
4 149 244
5
5
2 1787 3664
2 1918 3536
3 1728
1 543
4 2164 2196
4 702 1946
4 1222 3729
1 2652
4 973 3536
5
5
3 767
3 3536
4 1787 3664
1 1694
2 394 1690
4 2655 3678
4 1222 2333
1 2172
3 2164
1 2925
1 22
4 394 1690
1 227
5
1 1837
1 558
1 2449
5
5
4 344 973
2 227 2655
3 1256
1 3417
3 3664
2 344 2925
1 3310
3 22
2 1690 1946
1 803
1 3954
1 3182
5
3 2258
2 685 4058
3 803
2 158 4058
4 344 2925
5
3 3949
1 3887
4 158 3857
2 227 2449
5
1 3536
3 2236
4 2196 2218
2 2218 3678
5
3 2652
3 543
2 344 702
5
4 2218 3678
5
3 3117
1 3301
4 1690 1946
1 3326
3 394
3 2172
4 158 4058
2 1222 1694
5
4 344 702
1 3103
4 227 2655
4 1534 1690
5
1 1774
4 685 4058
5
3 153
5
4 1222 1694
3 2623
5
5
4 227 2449
2 468 3417
4 468 3417
2 2900 3301
4 2900 3301
2 3103 3889
5
5
4 3103 3889
3 3097
1 3155
1 473
3 1837
1 1961
1 1721
2 677 2655
3 1536
2 252 837
3 520
2 2526 3681
3 677
5
1 2815
1 2518
2 473 1108
3 1108
3 3326
3 3182
3 4058
1 2747
1 1190
2 149 3103
5
3 1946
1 1203
2 762 1060
4 2526 3681
4 149 3103
2 158 2647
2 163 762
1 3197
1 3743
3 244
4 762 1060
5
4 158 2647
5
1 3982
1 1402
5
3 2815
1 1858
2 685 3536
1 2919
3 2747
1 878
4 685 3536
4 163 762
2 2746 3301
4 252 837
3 3406
3 3197
2 227 3681
3 2333
2 1799 1996
4 227 3681
5
1 1608
3 1918
3 462
4 2746 3301
2 468 1848
3 2284
1 612
1 1980
4 468 1848
1 25
2 1996 2518
3 473
3 3857
2 1799 2900
1 2262
3 1060
2 1848 2262
2 558 837
2 2262 2309
1 3740
3 3624
3 2526
3 2518
5
3 1222
2 468 685
5
1 614
4 1848 2262
3 3415
1 816
3 3729
4 558 837
3 1799
3 3889
2 614 1721
5
4 2262 2309
4 468 685
2 2449 2900
3 468
4 614 1721
1 373
1 101
3 1721
2 1690 1694
4 2449 2900
1 2037
4 1690 1694
3 1190
1 2832
2 163 1608
4 163 1608
5
1 535
5
5
2 158 2449
5
5
2 158 2196
2 614 1163
5
3 3740
1 3662
5
4 158 2449
3 1961
2 3662 3954
2 2376 2746
1 27
5
2 538 1694
5
3 2449
1 2453
4 3662 3954
4 614 1163
2 163 2037
3 1163
1 313
1 2239
5
1 3246
5
3 2850
3 25
5
5
3 3982
1 914
1 1013
5
1 3010
5
1 3178
5
4 2376 2746
2 538 1848
1 2665
2 1858 3954
4 163 2037
4 1858 3954
2 914 2239
2 158 1996
4 538 1694
4 538 1848
1 1651
5
1 447
2 158 2309
2 612 816
4 158 2309
2 1858 1980
1 2644
1 1268
2 1013 1651
5
5
3 344
1 3134
2 1787 2239
3 2746
1 3514
1 429
5
1 3191
2 101 373
5
5
5
4 1858 1980
5
5
4 914 2239
1 2677
5
2 614 2900
2 373 535
1 2132
3 3310
4 1787 2239
5
4 612 816
1 3452
1 3461
2 2647 2665
4 101 373
4 158 1996
1 3257
1 3192
5
1 2543
4 1013 1651
4 158 2196
5
4 373 535
2 429 2453
1 1706
4 614 2900
3 914
5
4 429 2453
3 2309
4 2647 2665
3 1608
3 762
3 163
3 3954
1 917
3 1774
1 1482
2 2925 3846
5
1 1605
3 1651
5
5
5
4 2925 3846
3 373
2 1694 3301
3 612
1 3625
4 1694 3301
3 614
3 313
2 558 2132
1 3742
4 558 2132
2 252 2832
4 252 2832
2 1268 1858
2 2655 3662
2 1482 3010
1 3951
3 685
3 1402
1 1868
5
1 1590
3 2665
2 101 3417
5
3 3846
5
3 447
2 2218 2647
5
4 2218 2647
4 101 3417
2 101 660
2 837 2832
2 535 702
4 1268 1858
5
1 192
5
1 2220
2 538 3134
2 702 3681
5
1 3632
5
1 3814
3 2647
2 1868 2376
3 3103
2 3246 3417
1 698
4 2655 3662
2 973 3887
5
1 2303
3 3010
4 973 3887
5
3 2303
3 149
4 837 2832
3 3632
4 535 702
3 1694
2 2196 3951
1 12
1 3692
1 1886
4 702 3681
2 973 3678
1 1440
5
3 837
5
4 3246 3417
2 1868 1996
3 3814
5
1 2345
5
2 1590 1787
2 1941 1996
3 2900
1 284
2 1858 2376
4 1868 2376
1 3448
2 2239 3625
4 973 3678
5
4 2196 3951
4 1590 1787
4 101 660
5
1 2522
2 27 2376
4 27 2376
5
5
1 3797
5
1 2899
3 1980
4 1858 2376
2 973 2543
3 2677
4 538 3134
4 1941 1996
3 1690
1 1671
1 3375
1 1374
2 2218 3178
1 3486
5
2 429 2196
1 3348
4 973 2543
1 2838
2 702 1787
4 702 1787
1 534
