594
5
1 244
1 414
1 221
2 221 414
1 126
5
2 126 414
1 377
5
1 179
2 244 414
1 84
1 172
2 84 172
1 406
2 172 377
5
5
2 84 244
1 422
2 126 406
5
1 372
2 377 414
1 7
2 179 244
1 77
2 372 377
1 351
1 326
1 284
2 126 172
1 272
1 71
1 155
2 71 244
5
2 84 221
5
1 82
2 71 272
5
5
1 128
5
2 82 244
5
1 190
1 189
2 7 155
1 42
2 221 244
1 295
2 7 172
2 172 244
2 155 295
2 372 414
5
5
1 397
1 96
1 432
2 7 372
2 84 96
1 490
1 70
1 41
1 145
2 326 397
2 190 397
2 295 406
1 426
5
2 145 377
1 115
1 196
1 48
1 158
1 316
2 128 221
2 326 422
5
1 275
5
5
1 245
1 201
2 189 284
1 329
2 272 397
2 7 41
2 7 295
1 83
5
1 69
1 292
1 359
1 127
2 71 82
2 48 115
2 48 158
1 120
1 214
1 430
1 421
2 326 351
2 128 397
1 417
5
5
2 172 179
2 189 329
5
2 359 432
5
5
1 312
1 73
2 83 292
1 231
5
1 442
1 489
2 48 245
5
5
1 171
2 231 414
2 115 422
2 73 422
1 337
1 479
2 82 430
5
2 120 158
5
2 201 329
2 71 189
2 377 442
5
2 48 82
5
1 443
1 88
1 334
1 230
1 480
1 446
2 329 479
5
2 334 430
1 346
1 72
2 245 446
2 292 432
2 179 346
2 334 432
5
5
2 346 426
1 493
1 465
1 400
2 42 69
1 325
2 158 292
5
1 131
5
1 194
2 70 443
2 71 292
1 267
1 219
2 84 295
1 354
2 354 426
1 399
2 446 490
1 367
5
5
2 312 443
1 89
1 47
2 426 442
5
2 115 465
1 441
2 295 426
2 83 275
1 379
2 354 400
2 441 446
2 88 126
2 172 400
2 42 480
1 22
1 242
1 477
5
1 288
2 96 430
2 128 214
2 77 421
1 27
5
2 179 194
2 71 490
2 70 377
5
1 310
1 321
5
2 42 245
1 392
2 72 245
1 253
1 274
1 141
5
5
1 243
2 145 245
1 173
2 337 446
2 244 441
2 47 214
1 207
2 310 477
5
5
2 275 359
1 403
5
5
2 47 201
5
2 214 480
2 171 443
2 275 284
1 423
2 27 83
1 63
1 449
1 405
1 385
1 474
1 17
5
1 353
1 468
5
5
1 239
1 459
5
2 70 417
1 188
2 230 231
5
2 231 479
2 47 245
1 389
1 347
2 179 442
2 155 221
1 371
5
2 145 337
1 277
1 34
2 155 389
2 17 115
2 155 446
5
2 41 274
2 72 316
5
2 275 493
5
1 168
2 194 446
2 347 449
5
2 243 403
2 82 221
1 309
1 469
1 486
1 161
5
1 357
2 131 406
2 89 449
1 345
5
1 51
2 83 284
1 451
2 63 392
1 263
5
1 382
2 77 179
2 120 277
2 51 490
1 342
2 17 426
1 296
5
2 221 345
5
2 71 493
5
1 306
5
2 371 405
1 59
5
5
2 292 449
5
1 213
1 40
1 440
2 59 379
1 317
5
2 89 403
5
1 223
1 44
1 268
2 59 190
1 439
2 242 274
2 196 421
1 319
2 275 310
2 190 465
1 473
5
2 42 126
2 219 382
1 298
2 321 346
5
2 189 292
5
5
1 143
2 73 84
2 214 414
2 196 296
5
1 475
1 395
1 157
2 231 465
2 239 474
2 115 194
2 275 449
2 42 377
5
1 85
1 278
5
2 317 346
1 43
1 28
5
1 208
1 46
1 435
1 343
5
5
5
1 150
2 422 439
1 433
1 20
5
1 252
1 447
5
2 127 319
1 226
1 315
5
1 264
2 367 446
5
2 59 377
2 399 405
1 62
1 401
5
1 431
2 84 447
2 367 440
1 107
1 450
5
1 8
2 7 161
2 377 490
2 34 150
5
1 23
1 370
5
5
1 15
5
1 394
5
5
1 91
5
2 306 490
2 230 351
5
1 339
2 44 277
2 69 145
2 389 477
2 141 179
2 319 417
5
2 392 417
2 63 309
2 88 317
2 339 441
2 17 486
5
2 353 406
1 409
1 428
1 241
1 159
2 28 469
5
1 318
5
2 63 401
1 101
2 69 194
1 174
5
1 438
2 150 253
1 261
5
1 462
5
1 111
2 188 275
1 349
2 214 405
1 461
1 149
2 179 403
2 241 321
2 274 490
1 491
1 487
1 240
1 142
2 88 431
1 193
1 79
2 115 406
2 23 439
2 252 315
1 86
2 101 343
2 395 435
1 463
5
1 365
1 384
2 274 399
2 174 213
5
2 426 468
2 17 367
1 53
2 284 379
1 352
2 101 422
1 330
5
2 309 430
5
1 273
2 41 252
5
2 329 394
2 196 385
1 102
5
2 157 171
2 128 208
5
1 437
2 79 435
1 170
5
1 387
1 133
2 91 142
2 365 450
5
5
2 172 288
2 161 316
2 337 432
5
5
1 233
5
2 141 359
2 223 462
1 344
2 298 316
1 237
5
2 264 490
2 252 459
1 251
2 387 490
2 359 459
2 23 275
2 321 431
5
1 378
5
1 45
5
5
1 24
2 193 389
2 347 406
1 376
2 17 428
2 69 84
1 92
2 7 239
2 431 437
2 161 252
2 46 405
5
1 467
2 261 477
1 363
2 22 467
2 46 101
5
5
1 148
2 63 230
1 97
1 217
2 23 277
5
5
5
2 40 405
1 308
2 295 376
2 240 241
2 400 462
5
2 45 353
2 263 465
1 388
1 348
2 264 309
1 248
2 77 86
2 171 339
2 86 330
1 12
1 151
2 295 400
1 460
1 305
5
1 455
1 381
5
