751
1 319
1 353
2 319 353
1 145
2 145 319
5
5
2 145 353
1 414
2 145 414
1 25
2 25 145
5
1 315
1 403
2 25 319
2 25 315
2 319 414
5
5
1 274
1 230
1 259
1 8
1 373
1 88
1 320
1 410
2 145 315
1 280
2 145 410
1 202
2 403 410
5
1 114
5
2 88 145
2 114 145
5
2 88 353
2 230 320
5
2 88 202
5
2 8 202
5
2 403 414
1 85
2 88 403
1 140
2 280 410
2 8 315
1 182
2 85 114
2 25 320
1 153
2 140 280
1 489
1 211
2 88 140
1 438
5
1 309
1 39
2 8 280
1 125
1 6
1 321
1 269
2 269 320
1 138
2 25 138
1 234
1 191
2 39 202
2 6 125
1 317
5
1 425
2 39 191
1 400
5
1 184
1 361
2 8 125
1 205
2 269 317
2 182 438
2 39 88
5
1 495
5
2 8 353
5
1 91
2 85 315
1 201
1 498
2 8 201
5
2 140 201
2 259 353
5
2 191 414
1 311
1 501
1 178
1 84
5
5
1 48
2 85 140
5
2 309 320
1 506
5
2 85 319
1 431
5
1 47
1 154
5
5
2 47 315
2 91 353
2 230 353
1 193
5
2 193 230
2 140 414
2 182 317
2 138 320
1 231
2 6 114
1 267
2 353 410
1 9
2 47 48
2 317 410
1 176
2 48 498
2 274 431
5
1 221
1 516
1 372
1 434
2 25 372
1 399
2 85 403
1 387
5
2 231 501
2 47 145
1 331
2 85 191
1 419
1 197
1 497
1 42
1 219
2 153 317
1 228
5
1 61
2 85 353
1 479
1 356
1 303
1 505
1 487
2 61 219
1 413
1 118
2 47 373
1 461
2 184 205
2 356 505
5
2 211 269
5
2 498 516
1 313
2 114 228
1 453
2 47 202
1 161
2 361 399
2 85 414
2 413 453
2 85 317
5
2 414 516
5
1 441
1 391
2 8 441
1 357
1 371
2 114 311
1 0
2 0 501
1 430
5
5
2 202 356
5
1 316
2 178 267
2 184 413
5
1 46
5
5
1 388
1 272
1 238
1 467
1 462
2 48 320
2 140 191
2 140 413
2 357 387
5
5
5
2 231 498
1 463
2 280 316
2 463 495
1 169
1 218
1 235
1 433
1 452
5
5
1 383
2 145 453
5
2 42 373
2 353 495
2 205 516
1 93
2 211 228
1 55
1 266
1 107
1 185
1 15
5
2 231 516
1 96
2 303 452
1 271
2 96 387
5
1 262
1 314
2 387 506
1 100
2 280 331
2 205 463
5
1 471
5
2 303 317
5
1 329
1 455
2 169 388
1 340
5
1 423
1 198
5
2 329 452
2 96 329
1 58
1 237
5
2 266 383
2 107 423
1 344
1 127
2 169 400
1 122
1 196
1 105
2 237 316
2 184 425
5
2 114 313
5
2 205 235
5
1 493
5
5
2 314 356
1 152
2 303 505
1 133
5
5
1 158
5
1 457
1 352
1 75
2 84 230
1 98
2 8 309
1 449
2 96 122
2 178 269
2 140 267
5
2 178 457
1 322
5
1 415
2 340 356
1 517
5
1 264
5
1 439
2 267 314
2 8 91
2 201 391
2 6 423
2 319 493
1 204
2 191 372
1 143
1 62
5
2 0 313
5
1 50
1 94
2 6 176
2 319 352
1 486
1 186
2 96 193
2 176 497
5
5
1 376
2 114 196
2 47 267
5
2 58 506
1 326
2 204 479
1 502
1 306
1 144
1 507
2 321 387
5
2 322 441
1 351
1 324
2 48 100
2 235 471
1 343
2 311 357
2 267 453
1 436
5
5
1 390
2 313 479
5
1 81
2 303 506
2 48 441
1 45
2 315 497
5
2 198 415
2 352 449
2 352 400
1 151
2 237 507
2 324 356
5
1 458
2 433 486
2 313 461
1 199
1 120
1 87
1 472
2 87 343
1 170
5
5
2 114 441
1 482
1 222
5
1 328
5
2 196 219
2 138 353
2 343 506
1 460
2 133 457
2 81 489
1 232
1 278
5
1 474
2 313 462
1 224
2 185 371
5
2 193 372
2 58 315
2 234 280
2 98 329
1 437
1 292
1 496
2 46 85
5
1 468
2 262 400
1 421
1 355
1 378
2 266 517
2 158 413
1 407
1 451
2 81 505
2 170 196
2 314 506
1 477
2 107 234
1 64
5
5
2 390 462
2 197 419
2 267 313
5
5
1 77
1 187
1 115
2 218 376
1 200
1 345
2 15 47
1 215
1 279
2 152 201
5
1 206
1 128
1 16
2 238 388
5
1 223
5
2 88 223
2 357 438
1 283
1 49
1 325
1 277
1 90
1 29
1 380
2 271 468
1 411
2 221 340
1 137
2 279 371
2 42 198
2 107 460
2 15 262
2 182 277
5
1 23
2 357 399
2 93 455
2 462 486
2 16 77
2 127 269
2 324 467
1 302
1 27
1 7
2 185 452
1 213
1 157
5
1 466
5
2 158 425
2 196 387
2 46 47
2 27 425
1 102
2 213 237
2 269 466
1 132
2 132 200
2 127 319
5
2 311 495
2 204 501
1 225
1 162
1 139
5
1 333
2 96 162
1 394
2 125 218
1 290
1 172
2 161 198
1 341
5
1 367
1 432
5
2 84 357
5
2 6 455
2 218 493
1 164
1 370
2 306 410
2 267 436
2 345 388
2 274 471
5
1 53
2 259 506
2 29 383
2 410 430
5
1 22
2 75 302
2 9 434
1 396
5
1 195
2 394 498
2 356 498
2 151 399
2 84 326
2 272 477
1 116
2 187 415
2 50 487
2 343 455
5
2 144 390
2 390 432
2 234 367
1 156
5
1 285
2 370 431
1 515
1 171
5
1 268
5
1 365
1 454
1 130
2 271 460
2 193 413
2 185 199
2 280 361
1 111
2 213 419
1 473
2 268 355
1 261
2 114 329
5
2 75 378
1 424
5
1 44
2 22 231
5
5
5
1 72
1 308
2 357 474
2 341 451
5
2 215 223
2 215 411
5
1 249
2 75 182
1 469
2 102 410
1 484
2 259 303
2 122 437
1 252
5
5
2 308 497
2 46 264
2 458 468
2 45 235
1 76
5
2 157 472
2 50 453
1 13
5
1 33
5
5
1 429
1 450
1 183
1 386
2 400 501
1 24
1 254
2 120 479
2 157 373
2 213 322
5
1 476
2 232 321
1 30
2 230 497
5
5
2 85 238
5
2 132 252
1 257
5
2 378 468
5
2 91 178
1 448
2 396 486
1 242
1 297
2 218 331
1 368
1 275
5
2 213 450
2 373 463
1 43
2 254 388
1 478
1 251
1 307
5
1 141
1 456
1 168
2 64 140
5
2 242 277
5
1 291
5
2 353 361
1 51
1 327
1 31
1 500
1 34
2 127 306
5
1 518
2 22 125
2 53 373
5
2 193 254
2 44 143
1 263
1 379
2 6 29
1 243
2 45 58
1 409
1 348
5
5
1 342
1 300
5
1 401
2 275 383
2 87 403
1 150
2 205 409
2 243 498
2 356 367
1 177
5
1 332
5
5
5
2 257 357
5
2 34 183
2 58 371
2 343 451
2 140 314
5
5
2 454 497
2 202 249
5
2 321 463
2 361 410
1 442
1 203
1 422
2 308 518
2 157 407
1 480
1 56
2 153 277
2 394 457
1 99
1 210
2 25 213
2 198 437
1 362
5
2 353 441
5
1 359
