768
1 21
3 21
5
1 171
1 147
2 147 171
1 259
5
2 147 259
5
4 147 171
5
2 147 171
1 203
3 203
2 171 259
1 323
1 72
5
3 259
1 336
3 323
2 72 171
5
5
3 72
2 171 336
3 171
2 147 336
5
4 147 336
2 147 336
4 147 336
2 147 336
3 147
5
1 138
2 138 336
1 280
4 138 336
2 138 336
1 231
4 138 336
1 385
2 138 280
3 385
2 231 280
5
4 138 280
5
5
2 138 231
2 138 280
3 280
2 138 336
1 288
3 231
2 138 288
5
5
2 288 336
3 288
5
1 358
5
4 138 336
5
5
2 336 358
1 340
4 336 358
2 138 336
1 68
2 68 138
3 68
1 24
2 24 358
1 245
2 336 340
5
2 24 138
2 138 245
3 336
2 138 358
5
2 24 340
1 141
1 193
5
2 138 340
2 24 245
2 138 141
1 59
2 24 193
5
1 255
2 59 255
2 245 255
2 245 358
5
4 138 141
5
1 88
5
5
3 141
2 193 358
2 24 59
4 138 245
2 193 245
1 147
5
3 255
2 59 138
2 245 340
5
2 88 138
1 347
2 88 245
2 59 193
4 24 193
5
1 80
5
2 80 88
2 340 358
5
1 167
2 167 340
2 138 167
1 346
4 88 245
1 181
2 88 346
4 24 59
5
1 403
5
1 208
2 80 346
4 80 346
2 347 403
1 248
2 181 248
5
4 59 138
2 80 248
5
2 193 208
2 208 340
2 80 347
4 88 346
1 166
5
5
2 166 346
1 246
1 216
2 80 340
4 193 358
2 88 208
2 138 208
4 193 245
5
2 88 245
2 208 245
5
3 340
1 284
5
5
2 167 245
4 245 358
1 169
3 169
1 45
5
2 45 88
2 45 147
3 166
2 59 88
2 246 284
5
1 29
5
5
1 297
2 208 246
3 45
2 88 346
2 24 403
2 147 347
2 248 346
1 137
1 183
5
3 29
1 15
2 137 193
2 24 246
5
4 59 88
2 167 284
5
2 147 245
3 167
1 312
4 24 403
2 147 246
5
4 88 346
2 147 193
2 15 403
4 181 248
2 15 297
5
1 11
1 262
2 138 248
5
2 147 183
5
5
2 24 147
2 137 284
2 15 147
1 19
5
4 80 248
2 181 208
1 23
5
5
1 14
3 181
2 80 246
2 23 138
1 298
3 14
1 97
3 347
2 11 24
4 147 183
5
5
2 284 297
2 245 248
2 245 312
4 208 246
2 19 97
3 23
2 246 312
5
2 312 358
5
1 131
2 193 245
5
2 19 358
1 76
3 138
2 24 59
4 15 403
2 131 193
2 97 346
3 297
2 19 137
1 126
1 285
2 126 312
4 11 24
2 137 298
2 11 208
3 312
2 131 147
1 64
1 318
5
2 284 285
2 126 248
5
1 190
1 3
4 126 248
1 355
5
1 133
1 209
2 19 183
1 367
1 95
2 11 64
1 418
2 137 190
4 11 208
2 11 133
2 126 418
5
1 325
5
1 380
2 131 355
4 137 284
2 209 403
1 271
4 284 285
1 58
5
3 147
5
2 24 285
3 3
5
2 245 246
1 399
5
2 59 403
1 42
2 76 358
5
2 137 325
2 19 216
3 80
5
2 97 208
2 76 137
2 88 262
5
2 58 59
2 59 209
2 133 284
5
5
5
4 97 346
5
2 76 193
2 208 358
2 271 285
2 126 131
5
2 15 126
2 262 346
1 17
5
5
2 11 15
3 193
2 190 262
2 88 284
4 24 358
5
1 65
1 69
1 320
1 392
5
2 95 318
4 137 190
1 73
2 131 190
1 90
2 64 262
3 318
1 226
2 97 245
2 298 399
2 17 320
3 298
2 42 90
2 64 380
1 335
1 84
4 59 403
1 33
2 209 248
2 320 325
4 245 248
2 33 183
5
5
5
1 31
5
2 190 320
1 172
5
2 31 284
4 64 262
5
2 208 346
4 76 358
1 72
4 131 355
5
5
5
2 19 31
2 33 392
3 19
2 76 380
3 392
1 291
2 126 209
5
2 73 183
5
2 262 285
5
1 171
2 31 95
3 95
2 69 208
2 24 226
3 285
1 333
2 126 246
5
1 341
1 258
2 31 42
1 177
4 245 246
1 212
2 88 226
5
5
5
4 131 190
5
2 72 335
5
2 137 246
2 76 209
2 17 33
5
2 90 131
1 411
1 303
2 88 90
5
2 303 380
5
1 369
2 58 303
5
5
1 173
5
1 44
1 203
2 58 65
4 31 42
2 64 403
4 208 358
5
2 33 226
5
1 211
1 289
2 245 320
5
1 123
5
5
2 17 303
5
1 215
4 58 59
5
2 44 246
1 221
5
2 245 333
5
2 403 411
2 84 411
1 118
2 65 418
3 58
2 24 418
2 216 291
4 33 226
5
2 42 183
4 216 291
5
2 31 212
5
5
3 171
2 44 212
2 190 289
1 416
2 303 346
2 177 358
2 73 262
2 24 211
2 97 209
1 282
1 242
3 403
5
1 83
5
5
4 126 418
2 42 208
1 237
5
1 170
5
2 246 271
1 108
2 31 131
2 97 335
5
5
3 226
2 73 242
2 211 399
5
4 90 131
2 44 399
3 73
5
2 177 291
1 310
2 33 242
2 24 262
4 208 346
2 84 333
2 59 64
5
1 163
5
1 36
2 24 173
2 42 262
1 117
2 118 346
1 253
1 407
1 148
2 83 320
5
4 246 271
2 36 245
2 90 97
5
2 83 133
4 11 15
2 325 411
5
4 88 245
1 274
2 36 212
2 59 216
1 219
5
5
5
4 31 284
2 242 289
2 163 183
5
5
5
2 44 237
5
2 76 173
2 97 118
1 194
2 72 380
1 167
1 288
2 11 69
2 31 380
4 88 262
2 303 367
5
1 0
2 118 282
1 144
5
2 190 209
5
5
1 339
5
2 59 90
2 11 242
1 299
2 69 291
2 108 320
3 411
1 20
2 274 284
5
2 203 341
4 248 346
5
2 282 291
2 64 288
5
4 36 245
2 148 183
2 163 282
4 90 97
2 170 211
5
2 242 358
1 79
5
4 59 90
5
5
1 184
1 424
2 33 190
4 42 262
2 288 416
5
1 104
2 20 123
3 64
2 212 325
2 118 339
2 123 262
2 291 341
4 211 399
2 42 123
2 123 173
2 335 367
2 0 303
1 312
1 297
4 108 320
2 59 84
1 301
2 0 108
2 59 284
3 325
1 308
5
1 180
1 26
5
2 90 173
5
5
1 185
5
5
2 183 424
2 59 346
2 72 173
2 44 208
1 202
2 44 59
2 170 341
3 367
2 242 399
2 83 341
3 76
2 170 212
2 208 308
3 24
2 173 312
3 65
1 16
2 59 358
2 177 308
4 118 339
1 250
1 387
2 284 308
1 19
1 396
1 357
2 42 215
3 282
1 39
5
1 147
5
2 42 167
3 320
5
5
4 44 399
2 11 396
1 67
4 59 358
5
1 393
5
2 289 399
1 285
5
4 59 84
2 288 289
2 16 88
3 177
2 173 209
5
5
2 36 148
1 27
5
1 278
5
2 258 346
2 117 203
4 126 131
