9039
1 6363
3 6363
1 6273
1 5647
5
1 556
3 6273
5
3 5647
3 556
1 5449
5
3 5449
5
5
5
1 365
5
3 365
5
5
5
1 3615
3 3615
5
1 1929
5
3 1929
1 391
5
1 2620
5
3 391
3 2620
1 5055
1 6618
5
5
3 6618
5
5
1 904
5
2 904 5055
1 6787
4 904 5055
5
2 5055 6787
5
5
3 5055
3 6787
3 904
5
5
5
5
5
5
1 3621
3 3621
5
1 2758
1 4151
5
3 2758
5
3 4151
5
1 5836
3 5836
1 3370
1 3895
3 3370
1 2765
1 1374
3 3895
5
3 1374
1 568
1 2373
1 7067
2 568 2373
3 2373
2 2765 7067
4 2765 7067
2 568 2765
5
1 339
2 339 2765
4 568 2765
4 339 2765
2 568 2765
5
3 7067
1 4704
5
1 4321
5
2 339 4321
1 935
4 568 2765
3 4704
1 2668
5
2 568 4321
1 2329
3 2765
5
3 4321
1 6681
5
5
2 339 935
2 339 2668
5
3 568
1 2495
2 935 2668
2 2329 2668
5
1 3292
5
5
1 3252
3 339
2 935 6681
1 488
1 4375
4 2329 2668
5
5
4 935 6681
5
3 2329
2 488 6681
1 5230
5
4 935 2668
1 5391
1 111
3 2495
3 4375
2 488 5391
5
2 488 2668
5
2 111 935
1 3722
3 2668
2 3252 5391
1 3943
2 935 5391
4 488 5391
1 4056
3 3943
2 4056 5391
1 1121
1 175
3 3252
5
4 111 935
4 4056 5391
3 6681
5
5
1 4574
2 1121 3722
1 4972
3 4972
5
4 1121 3722
1 3894
1 6773
1 4028
4 935 5391
2 175 1121
1 6240
4 175 1121
2 3292 4028
1 1384
3 3292
5
3 111
5
5
2 3722 5391
2 3894 5230
2 935 3894
3 4028
2 935 3722
2 3894 5391
4 3894 5391
5
2 1121 6773
2 175 5230
3 6240
3 935
4 3894 5230
2 4574 6773
1 2102
5
5
2 488 1384
2 488 4056
5
5
1 2490
1 609
4 175 5230
2 2102 4056
5
3 609
3 175
4 4574 6773
3 488
1 6204
2 3722 6204
4 3722 6204
2 4056 6773
4 1121 6773
4 3722 5391
5
3 6773
2 1384 6204
1 2532
3 1121
1 1354
3 4056
1 2507
5
3 6204
5
1 1839
1 3735
5
5
5
1 4386
5
3 5230
2 1384 2102
2 1384 3735
4 1384 3735
5
2 1354 3735
3 2490
3 3894
2 1354 1384
3 4574
1 6821
3 2102
2 2507 3722
5
5
3 6821
5
2 1839 5391
5
5
5
2 1384 3735
4 2507 3722
4 1354 3735
4 1839 5391
3 1839
1 1208
1 5219
3 1208
2 2532 4386
5
3 4386
4 1384 3735
5
3 1354
2 3722 3735
3 3722
1 2275
3 1384
5
3 2532
5
1 973
2 2507 5219
4 2507 5219
5
3 5391
1 1004
1 2914
2 973 5219
3 3735
4 973 5219
1 609
2 2275 2914
1 3886
1 452
5
5
2 609 1004
5
4 2275 2914
4 609 1004
1 3167
3 452
2 973 5219
5
5
3 1004
3 3167
1 2636
2 2275 2636
4 973 5219
2 2636 2914
2 973 2636
1 5590
5
2 609 2507
3 2636
5
2 2914 5219
3 2914
2 973 5219
1 1959
1 4129
2 609 3886
1 2853
5
2 3886 4129
1 5207
3 3886
3 609
3 2507
1 2730
5
5
5
1 4061
3 5207
4 973 5219
1 4136
2 973 2730
4 973 2730
2 2275 4136
1 6595
3 5219
2 1959 4136
4 2275 4136
2 973 6595
2 2730 2853
1 4818
4 973 6595
1 3463
2 4061 4129
4 4061 4129
4 2730 2853
5
5
1 4055
4 1959 4136
3 973
3 2730
3 4818
5
3 5590
1 2470
2 2275 4061
4 2275 4061
1 2252
2 2470 4055
5
4 2470 4055
3 2853
2 3463 4055
2 4129 6595
5
4 4129 6595
4 3463 4055
2 2252 3463
3 3463
5
1 7042
5
1 5158
3 6595
1 1791
5
1 3375
5
3 3375
2 1791 2470
2 1959 2470
4 1791 2470
5
5
1 722
5
2 1791 2275
5
3 4061
5
1 6070
3 7042
1 3448
3 2252
2 1791 3448
2 4136 6070
2 1959 4055
2 2470 5158
1 5345
1 4038
5
2 5345 6070
2 1791 5345
2 722 4129
1 4230
2 5158 6070
2 3448 4129
1 5617
3 1959
5
3 4038
4 1791 5345
5
2 3448 5617
1 1686
2 4230 5617
2 2275 5158
2 4055 6070
1 6013
1 5546
5
3 1791
3 4129
5
5
2 5158 5617
5
2 722 2275
2 1686 2275
4 722 2275
2 1686 4230
4 1686 2275
4 5345 6070
1 6833
2 5345 5617
4 5158 5617
1 4
2 2275 5617
4 2275 5158
3 4
3 6070
4 2275 5617
3 6833
4 5345 5617
2 1686 3448
4 4230 5617
2 3448 5345
5
5
3 5546
1 5920
5
4 1686 4230
1 4973
5
5
3 5617
4 2470 5158
3 2275
4 1686 3448
2 2470 4055
4 3448 5345
1 327
2 4973 5158
1 3597
1 6422
3 4055
5
2 327 1686
5
5
2 327 4973
4 327 4973
4 4973 5158
4 327 1686
1 5129
3 6422
2 722 5129
4 722 5129
2 5158 6013
1 6496
4 5158 6013
1 1109
5
2 2470 4973
1 1380
3 1109
5
1 6061
5
4 2470 4973
3 722
5
1 2214
5
2 4230 5920
2 5129 6013
5
5
4 5129 6013
3 6013
5
4 4230 5920
2 2470 5345
4 2470 5345
1 7063
5
5
5
5
1 4263
1 5596
3 4263
2 4136 5158
1 4575
1 6960
5
4 4136 5158
2 3448 4973
4 3448 4973
1 1136
2 2214 5345
3 6960
5
3 2470
5
2 327 5920
2 327 1136
5
4 2214 5345
1 3219
5
1 5400
1 7090
1 1727
3 4230
5
3 5400
5
3 1686
1 898
2 898 5345
4 327 1136
1 1202
1 5014
4 327 5920
2 1380 4973
2 5129 5596
5
5
2 898 2214
4 5129 5596
3 1136
2 5596 6061
4 5596 6061
4 1380 4973
4 898 5345
5
5
5
3 5596
1 5115
3 5158
5
1 5569
2 3597 6496
4 898 2214
4 3597 6496
5
2 2214 3448
2 3597 4136
1 2349
5
1 1079
2 327 3448
4 3597 4136
3 6496
1 2410
3 7090
2 4575 5345
1 2510
2 3597 6061
4 3597 6061
1 2908
3 7063
5
2 3219 5014
1 3095
2 1727 4575
2 2410 5115
2 2410 3448
5
4 2410 5115
2 898 2214
2 4575 5920
2 4973 6061
5
5
4 2214 3448
4 898 2214
2 3095 4973
5
1 4494
5
2 5014 5345
2 2908 3219
3 1079
1 1103
5
5
3 2410
2 327 3597
1 6669
3 3095
4 3219 5014
5
5
4 327 3448
1 458
3 1202
2 4136 5920
2 2908 4136
4 5014 5345
2 1103 3597
1 2677
5
5
2 5129 6061
5
5
1 679
1 6585
5
4 1727 4575
5
5
3 2677
1 7095
2 2214 4575
2 4973 5115
1 6719
1 5117
2 679 2908
1 7071
4 1103 3597
3 6585
1 6246
2 5117 5129
4 679 2908
4 4575 5920
5
5
4 5117 5129
3 6061
2 5117 7095
3 5920
3 4973
5
4 2908 3219
3 4136
5
4 2214 4575
1 4787
1 2698
5
4 5117 7095
4 4575 5345
2 1103 7071
2 458 2908
3 6719
1 6237
3 3219
1 6236
1 1888
3 898
3 5014
2 2908 7071
1 5402
4 458 2908
3 679
3 1103
1 4515
2 2698 6246
2 4787 6236
5
5
5
5
3 5569
2 327 5129
1 3499
3 327
4 2908 7071
2 3499 5115
5
2 1888 4515
1 2108
3 2510
5
1 5804
4 4787 6236
3 4575
3 4787
4 3499 5115
3 3448
1 6994
2 2108 5115
3 3499
2 458 6246
3 1727
3 4494
2 1380 7071
2 1380 3597
5
5
4 1888 4515
1 4191
4 1380 7071
2 458 5117
4 2698 6246
2 3597 7095
2 2108 2908
1 4170
5
5
1 193
3 6994
3 5345
5
4 2108 5115
1 3819
3 2349
2 5402 6236
4 458 6246
3 5804
2 5115 7071
1 2872
1 2213
4 458 5117
1 6277
1 7069
4 1380 3597
1 204
3 6246
3 2908
1 4971
5
5
3 2108
3 6236
1 6903
4 3597 7095
2 2872 5117
2 6903 7095
4 6903 7095
5
1 566
1 2866
3 5402
3 7069
5
5
5
2 5115 6237
1 5078
3 6237
2 2872 6669
1 4432
2 2698 6669
1 6031
3 6903
4 2698 6669
1 4609
4 2872 5117
5
1 2802
2 458 2213
1 6178
2 2866 5129
4 5115 7071
2 204 5078
3 6669
3 4971
1 3919
3 1380
1 6645
1 162
3 5117
2 3597 4515
3 6277
4 458 2213
1 6612
5
1 801
1 5943
1 7042
5
5
2 2872 6178
4 2872 6178
2 801 4609
1 3613
2 204 801
5
3 4191
5
4 801 4609
2 204 2698
1 6523
1 5429
1 5035
5
1 3789
5
5
5
2 801 6645
4 204 801
1 3843
3 6523
2 2866 4170
5
1 2112
3 6031
3 5035
4 204 5078
5
5
1 3600
2 3919 5078
3 5115
1 3087
3 162
1 1844
5
4 2866 4170
2 3600 5129
1 1505
3 801
5
1 3829
2 3597 7042
2 566 1505
5
2 3829 6178
2 2213 4170
2 3613 5078
3 5129
3 1505
4 204 2698
4 3597 4515
1 3059
2 3059 3600
5
2 2866 3059
2 2872 5078
3 5078
4 3597 7042
4 3829 6178
3 2213
1 4299
1 147
4 3059 3600
5
3 7071
1 3598
2 3087 6178
4 3087 6178
2 5943 6178
3 2802
2 3789 6612
5
2 2872 3600
4 3789 6612
3 2112
2 204 2872
2 2698 4432
4 5943 6178
1 5166
3 3829
3 5943
2 3843 4515
4 2698 4432
4 2872 3600
1 1894
4 204 2872
1 6989
3 3597
5
2 204 3819
4 3843 4515
5
5
2 3843 4299
5
3 7042
3 3843
4 204 3819
2 1894 6612
5
2 6178 6645
5
3 3600
4 1894 6612
2 566 3789
2 458 6989
1 2059
2 1894 6645
2 4515 7095
1 4085
3 6612
3 3819
1 2605
2 1894 6989
4 458 6989
3 6989
1 2382
4 2866 3059
4 1894 6645
3 2872
5
4 6178 6645
5
2 4085 6645
3 4085
4 4515 7095
5
1 3032
2 3789 6178
5
1 6809
1 5265
1 4714
3 5166
3 4714
5
3 1888
4 3789 6178
3 193
2 1894 2382
3 3919
1 5679
3 5429
1 4202
4 1894 2382
2 2605 6178
5
3 4609
5
5
3 5679
4 2605 6178
1 3777
4 566 3789
5
5
2 2698 4202
2 147 2866
4 2698 4202
5
4 147 2866
2 3087 3789
1 2690
5
5
2 3613 4515
2 2059 4432
2 4515 6178
5
4 3613 4515
3 6178
3 2059
1 2966
5
4 3087 3789
2 2866 3059
2 1844 3059
3 2866
4 1844 3059
5
1 4343
1 3317
5
2 2605 4299
3 4170
2 5265 7095
5
2 1894 2690
4 2605 4299
5
2 147 4432
1 858
3 4202
2 1844 2698
4 147 4432
4 1894 2690
4 1844 2698
5
4 5265 7095
5
3 3087
2 3317 5265
4 3317 5265
3 1844
5
3 4343
1 3911
2 3613 6809
3 147
1 1280
3 2690
4 3613 6809
5
1 5575
2 458 3598
1 4839
4 458 3598
5
2 204 1894
3 6809
1 705
4 204 1894
3 3317
3 204
1 4309
2 4432 4515
3 3059
4 4432 4515
1 3681
3 4309
2 458 1280
2 3032 5265
2 566 5265
1 288
4 566 5265
1 6415
2 2214 2966
2 2214 4839
2 858 2382
2 1894 3777
1 4977
2 858 3613
4 858 3613
5
2 3789 4977
4 2214 4839
1 513
1 2663
5
5
4 858 2382
1 4131
4 2214 2966
5
4 1894 3777
5
5
4 3032 5265
3 2214
5
2 705 6645
1 5118
1 1665
4 3789 4977
3 513
5
3 858
1 5332
1 1421
2 2382 7095
5
4 458 1280
3 2698
3 5575
5
5
2 705 4839
5
3 2382
2 4299 4839
2 1665 2663
3 3911
4 705 4839
2 1894 3598
1 1460
2 566 4515
4 1665 2663
2 2605 4839
4 1894 3598
3 3789
5
1 2888
1 4928
3 458
1 4412
3 3777
3 4977
2 1894 6645
2 4412 4515
3 5265
2 3032 4839
1 6042
4 4299 4839
4 2605 4839
1 6888
3 4928
4 1894 6645
1 5030
5
5
1 7001
4 3032 4839
1 4384
4 4412 4515
4 566 4515
5
1 6606
3 6042
4 705 6645
2 3681 6606
2 566 1894
1 7079
4 566 1894
3 1460
1 1310
2 1280 7095
2 2663 4432
5
2 566 1421
4 1280 7095
2 705 1894
5
1 5135
3 7095
5
3 6606
1 3886
4 705 1894
3 2888
2 3032 4131
5
2 4384 5118
3 3886
1 227
4 3032 4131
3 1894
1 5317
2 5135 7079
1 3678
4 4384 5118
5
5
4 5135 7079
5
1 3729
3 1280
5
4 566 1421
1 1886
4 2663 4432
3 3613
3 4412
1 1728
1 4957
3 6645
5
1 1505
1 4920
2 3598 5030
1 5077
2 705 5332
5
1 3200
2 227 5030
4 705 5332
3 288
1 896
5
4 3598 5030
5
3 1886
4 227 5030
2 896 4131
5
4 896 4131
5
5
1 6654
3 705
1 439
2 1665 5332
1 2218
5
2 3678 7079
3 3598
3 1310
2 1505 4299
2 1728 5332
4 1665 5332
1 6088
5
3 227
2 4432 6415
1 544
3 4131
3 4515
5
2 4299 4920
5
3 2605
4 1505 4299
3 1728
3 5077
4 4432 6415
1 4551
1 1942
1 5787
1 353
2 3729 7079
1 5701
2 896 6088
5
1 3447
5
2 3032 4432
1 5220
4 3729 7079
2 1421 5118
1 4767
1 4662
2 3729 4432
5
2 2663 3032
5
5
3 6415
1 3776
5
1 6937
2 5118 6937
5
3 4551
4 4299 4920
5
5
1 994
3 3678
1 5204
4 3729 4432
2 5204 5317
1 1516
5
1 2948
3 4920
3 6654
4 5118 6937
5
5
3 6888
4 3032 4432
4 896 6088
4 5204 5317
2 1516 5787
3 4957
4 1516 5787
5
1 2904
2 544 5787
5
2 4432 4662
4 4432 4662
4 2663 3032
3 2948
1 5312
4 1421 5118
2 4299 4432
4 4299 4432
3 1516
5
2 439 3776
4 439 3776
2 353 994
4 544 5787
3 5312
5
2 353 6937
4 353 6937
5
3 4384
2 3729 5135
3 7079
1 1002
2 2904 5787
5
4 3729 5135
3 1665
5
1 1582
2 6937 7001
2 5701 5787
1 4171
4 5701 5787
5
3 4171
1 1904
5
3 4432
5
2 1582 1942
1 1286
1 988
2 3447 4299
3 2904
3 4767
2 3729 5030
1 2069
4 6937 7001
5
2 1002 6937
3 5332
2 439 3032
4 3729 5030
4 353 994
3 2966
5
2 4839 5220
2 1505 6937
2 353 5135
2 1904 4299
4 4839 5220
5
3 6937
1 2285
2 1002 5135
4 1904 4299
1 4923
1 7083
1 1412
2 1505 5118
2 2069 3032
5
1 4382
2 1421 4662
3 439
1 3094
5
2 1942 4382
5
1 1570
2 1421 2218
1 3414
2 4382 4923
5
5
1 6581
5
5
1 3425
3 896
3 1286
5
1 6069
4 1505 5118
3 1421
5
1 624
1 2384
1 4749
1 4850
3 5204
1 3307
3 4749
1 6196
5
2 1570 4839
2 3729 5317
5
1 6596
1 5363
5
5
4 3447 4299
1 6170
3 5220
2 1002 6069
1 268
1 2020
5
3 3094
2 624 5118
2 994 2384
5
3 268
3 1412
5
5
5
5
4 2069 3032
2 3414 3681
5
2 994 3681
2 1002 3729
5
1 4613
2 1942 4613
2 5135 5701
1 4427
5
3 988
3 544
2 5030 7083
2 2020 5787
4 2020 5787
4 5030 7083
2 3032 4662
2 1570 2218
1 4989
2 1942 4839
1 1900
5
3 3729
2 353 3307
2 1942 4850
2 4850 6069
2 1904 5118
5
1 2212
4 4850 6069
2 3032 6581
2 353 4989
3 5317
2 2663 5135
4 4382 4923
5
3 624
1 1370
2 3681 5363
2 3681 4427
3 3307
4 3681 4427
3 994
2 1002 3414
2 1002 4989
1 491
5
5
2 6069 7083
4 353 4989
1 5900
1 4822
1 1957
2 4822 4839
5
1 284
1 3025
2 491 5787
4 1002 6069
4 1942 4839
4 1570 2218
2 1900 4923
3 3025
2 2069 2212
1 4071
2 1957 5900
2 1002 5118
2 284 353
2 3414 7083
5
5
3 4427
4 1957 5900
5
3 4299
5
5
5
5
3 6088
4 3414 3681
4 1002 3414
1 840
2 4071 5900
5
4 1582 1942
4 1900 4923
1 1807
1 5702
5
5
4 6069 7083
5
5
2 2384 6581
2 353 3032
2 4382 4613
1 5249
1 1731
4 1002 5135
4 4822 4839
4 4382 4613
5
4 2384 6581
4 1570 4839
4 2069 2212
1 710
5
5
1 3094
4 353 5135
3 5363
3 3447
5
1 2077
3 1370
3 5030
3 4662
3 6596
1 2250
2 3681 6581
5
2 3414 3425
5
2 3681 5702
1 2382
2 1582 1904
4 3032 6581
1 6611
1 4419
1 6478
2 1570 7083
3 491
5
3 6196
5
3 1900
4 1570 7083
4 1942 4850
3 6478
4 3414 7083
4 5135 5701
1 6606
4 4071 5900
5
2 4923 6606
5
4 1942 4382
2 4923 7001
2 3776 4419
1 1595
1 1296
2 2077 3776
1 295
1 3091
1 7105
4 284 353
5
4 1582 1904
1 6128
5
2 2382 6606
3 2663
4 4923 7001
4 1942 4613
2 840 2218
5
5
2 2212 3776
4 3681 5702
2 2285 3094
5
2 4071 4923
1 1952
5
3 3425
3 2218
3 6069
5
4 2212 3776
2 710 1570
4 4071 4923
5
5
5
1 1246
1 6333
4 3681 6581
2 2020 4839
3 6128
1 39
1 4579
3 1002
3 1942
1 6031
2 1957 3414
2 4071 5135
1 1374
4 2077 3776
1 3786
1 461
4 2285 3094
5
2 1595 4989
3 1296
4 2020 4839
1 3981
1 4132
1 740
1 3654
4 353 3032
5
1 3122
5
1 3534
3 3200
5
2 3654 4419
5
1 5141
1 1623
5
4 4071 5135
5
1 1525
3 1374
2 1952 4989
5
4 4923 6606
5
4 1952 4989
5
1 5913
3 4071
1 277
4 1595 4989
4 2382 6606
5
2 1731 3654
3 4419
1 2437
3 2250
4 710 1570
4 1957 3414
5
5
5
3 5900
4 1731 3654
1 6794
4 1904 5118
5
5
5
5
3 3091
3 1505
2 840 5913
5
4 840 5913
2 566 2069
4 566 2069
5
5
1 7077
3 3534
5
3 6794
5
2 4850 7001
5
2 1246 4850
3 6031
2 2212 5249
4 2212 5249
3 740
5
3 1904
3 4989
5
4 4850 7001
3 5787
1 3931
4 1246 4850
5
3 2437
3 1957
5
2 3122 6581
3 39
4 3122 6581
1 592
2 2384 3032
2 3981 7105
2 2384 6581
1 1509
2 4839 6170
4 2384 6581
3 6611
5
4 2384 3032
2 2069 4822
5
3 4850
5
4 3981 7105
3 6606
1 289
4 4839 6170
4 2069 4822
3 5701
2 2382 5141
1 5536
4 2382 5141
1 5436
2 592 5141
1 1939
2 3122 3654
1 4904
1 5743
4 592 5141
2 7001 7083
3 6333
5
3 4923
2 566 7001
5
5
4 3122 3654
5
1 3018
2 289 4822
2 1731 4382
4 289 4822
4 566 7001
3 1939
3 461
1 5149
5
4 7001 7083
2 353 3931
3 2020
3 2077
3 277
3 5536
2 4132 5149
4 353 3931
1 1314
1 6575
3 5141
4 1731 4382
2 284 3981
2 3654 4132
4 284 3981
4 4132 5149
3 2382
4 3654 4132
1 6353
2 2285 5743
2 289 1595
1 5218
2 566 5743
4 2285 5743
3 3414
2 5249 6581
4 5249 6581
1 5442
3 3032
1 4321
3 840
3 6581
5
3 4839
3 4613
4 289 1595
5
4 566 5743
5
5
3 1246
5
5
2 1623 3931
2 4382 5743
2 3981 4132
5
2 4132 5118
2 4904 5436
1 4812
4 4382 5743
4 4132 5118
1 3221
2 3094 5702
2 3931 7077
1 4674
5
5
2 6353 7083
5
3 4321
3 353
3 5135
5
2 1595 5118
3 2285
1 6196
4 3094 5702
1 2226
3 5702
3 2069
5
4 3981 4132
5
4 3931 7077
1 4083
2 710 3094
5
5
4 1623 3931
2 284 5743
4 6353 7083
3 4132
5
1 582
3 5913
4 4904 5436
1 5047
3 295
5
4 284 5743
4 1595 5118
4 710 3094
5
5
3 4674
5
2 582 7083
4 582 7083
3 1582
3 1314
1 6500
5
1 4092
2 2384 3018
1 6875
4 2384 3018
2 2384 3654
5
3 289
2 5218 6196
4 2384 3654
4 5218 6196
2 1807 6353
5
1 1415
3 4083
2 1415 1570
4 1415 1570
2 582 4579
4 582 4579
2 7001 7105
4 7001 7105
2 3681 7083
3 7083
5
5
4 1807 6353
3 1415
3 5149
5
1 6945
5
2 1623 1731
4 1623 1731
5
1 2215
5
1 3065
1 4711
2 592 6500
1 2721
4 592 6500
3 1952
3 3018
1 974
2 582 4382
4 582 4382
2 2212 3065
2 1595 6170
2 3776 6196
2 284 2215
4 284 2215
4 3776 6196
5
3 1525
1 3648
5
2 4092 4382
4 4092 4382
1 4083
1 2581
4 1595 6170
4 2212 3065
1 6073
5
1 5248
3 4083
2 1731 2226
2 3221 3654
4 1731 2226
5
1 718
1 1452
5
2 1452 4812
1 4353
1 4828
2 3931 6196
5
3 3786
1 1205
4 1452 4812
3 582
5
1 3739
1 1392
1 4293
5
2 1623 2384
4 1623 2384
2 1205 5218
3 974
3 4353
2 1623 7001
3 5249
3 5743
5
4 3221 3654
5
3 1392
1 4856
5
5
4 3931 6196
2 1570 2212
1 6251
2 1731 6500
2 3094 3654
1 3833
4 1205 5218
5
1 1950
4 1731 6500
1 5631
4 1623 7001
4 1570 2212
3 2384
4 3094 3654
3 5248
2 710 4812
2 4092 6945
5
1 4775
3 2226
1 3476
3 3931
3 4828
5
1 6218
1 844
4 4092 6945
2 1570 7001
4 1570 7001
2 592 5442
2 3221 7077
3 844
5
1 1159
5
2 2721 3981
4 2721 3981
5
1 998
4 3221 7077
5
5
5
3 7001
1 5022
3 6170
2 1595 6353
4 592 5442
4 710 4812
5
3 2215
1 4933
5
5
5
3 4822
4 1595 6353
3 718
5
3 3476
2 998 4711
4 998 4711
3 4812
3 1205
1 2263
1 1588
5
5
3 998
2 3981 5118
3 5022
5
2 3065 5047
4 3065 5047
3 6875
2 1588 2721
3 566
2 6196 7077
5
4 3981 5118
2 1159 2581
3 3776
4 1159 2581
5
5
1 3970
3 592
5
1 5079
1 775
5
4 6196 7077
4 1588 2721
3 1452
5
2 3739 5047
5
3 4904
2 1159 3833
4 3739 5047
1 3338
2 3681 5047
4 1159 3833
5
3 1570
4 3681 5047
3 4382
3 1509
5
5
3 3681
3 5079
3 1623
3 3739
1 7066
3 3654
3 5442
5
2 3338 6500
3 4933
5
2 5218 7077
1 3160
5
5
1 1876
4 3338 6500
2 1159 1950
3 1588
1 4467
4 1159 1950
2 4293 6073
5
4 4293 6073
2 710 5631
5
5
2 1950 3094
3 284
2 3338 3970
1 3604
5
3 6945
1 6339
1 36
2 3970 6339
3 710
4 1950 3094
3 3122
4 5218 7077
4 3338 3970
1 6317
4 3970 6339
3 1876
5
1 5392
5
1 2422
2 3833 4092
3 4092
3 7105
1 3219
3 6500
1 4951
2 1595 3221
5
1 1255
5
4 1595 3221
5
1 7022
2 1159 7066
3 7066
3 4856
5
3 3833
3 3604
5
3 5631
1 4721
3 6196
3 7077
1 2686
3 6073
2 3981 4721
1 5162
1 802
3 2422
2 1807 2581
4 1807 2581
3 6575
4 3981 4721
3 802
1 2549
2 4721 6353
1 4189
4 4721 6353
2 3338 6251
4 3338 6251
1 4843
2 2263 2581
2 3338 6218
3 3648
1 5129
1 4909
5
1 6094
2 2686 2721
3 5218
3 4951
1 3985
3 2549
1 6584
3 7022
2 1731 4189
2 6251 6584
4 2263 2581
3 3221
4 1731 4189
5
2 4711 5118
1 1283
4 4711 5118
5
3 1807
2 4721 5162
2 3981 4775
3 4721
5
4 2686 2721
4 3338 6218
2 4293 5162
1 3860
4 6251 6584
5
3 6251
3 3219
4 4293 5162
4 3981 4775
1 6184
1 5644
3 6317
2 2212 3065
4 2212 3065
1 1298
5
2 1298 2686
2 1298 3160
5
1 3780
2 1731 4293
4 1731 4293
3 4711
5
4 1298 3160
3 3338
3 3780
2 775 5162
1 6471
1 1766
5
3 2263
5
4 775 5162
1 2029
5
5
2 1298 2029
1 192
5
2 1595 4579
3 3160
1 5594
1 2415
1 686
5
3 5129
2 1766 3860
1 4873
2 1731 3985
3 192
1 4355
2 1298 6471
2 4293 6584
2 1950 4909
3 4467
3 2581
5
1 2016
5
3 775
3 4909
3 6584
4 1298 6471
5
5
2 1159 2029
1 2347
1 944
4 1595 4579
3 2016
3 6353
4 1766 3860
4 1159 2029
4 1298 2686
4 1298 2029
2 2029 3985
3 4293
4 1731 3985
5
3 2029
2 2721 3985
5
4 2721 3985
2 1255 4775
1 7029
1 6278
1 3463
2 1255 1595
1 2033
4 1255 1595
2 2686 5594
2 4873 5392
5
3 6218
2 686 1731
3 1731
5
3 7029
5
5
2 1255 5392
5
4 4873 5392
3 4579
1 1742
4 2686 5594
5
1 7003
3 5047
5
1 4465
2 1255 3985
5
5
2 1283 6278
2 4189 5392
1 5077
2 1595 2686
4 1283 6278
2 1298 3094
4 4189 5392
2 3860 5077
4 1255 4775
3 5594
2 1159 3981
3 7003
1 2461
3 1283
3 6339
3 4843
1 5581
1 6091
4 1298 3094
2 944 3981
5
5
1 3773
1 2189
2 1742 4355
1 3313
3 6184
2 1159 5077
1 2387
5
4 944 3981
4 1595 2686
5
3 1950
1 1215
4 3860 5077
4 1159 5077
2 1255 3773
2 3860 5436
3 3981
3 2033
4 1255 5392
4 1255 3985
2 686 5644
5
4 1255 3773
1 6236
3 2387
4 3860 5436
3 3463
4 686 5644
2 3985 5077
1 1027
5
5
2 1742 6278
5
5
4 1742 4355
5
3 3773
2 3985 5118
3 1159
5
5
3 1595
2 4355 6091
2 2347 5436
1 6941
5
5
3 2212
5
1 38
2 2461 3970
1 6805
5
4 2347 5436
4 3985 5118
2 2415 6471
4 3985 5077
5
3 3065
5
1 5467
3 3094
4 1742 6278
5
3 5436
2 1742 2686
1 5811
3 1742
3 1766
1 635
1 3823
3 6805
4 2461 3970
2 4873 5644
2 5077 6091
5
1 3416
3 4775
2 2461 5581
4 2415 6471
1 2800
2 3416 4873
1 4642
2 5644 6941
1 1218
5
3 686
4 2461 5581
1 3831
2 635 5392
3 5162
1 2458
3 2461
5
2 2189 5581
2 38 1027
5
2 3313 5392
3 6278
4 3416 4873
2 3416 3970
1 74
3 5392
2 1215 5077
1 4110
2 36 2721
4 5077 6091
1 537
3 635
2 3831 6236
3 5467
5
5
2 74 4465
1 3378
4 1215 5077
3 5118
2 74 5644
2 944 2721
2 36 6471
4 3416 3970
2 2458 4873
1 2460
1 6692
5
3 4642
1 2401
1 2986
2 36 3831
1 55
2 1255 2686
1 3793
1 322
5
4 2189 5581
1 3487
3 2458
1 503
3 2401
3 4873
2 3985 4110
2 3970 4465
5
2 322 503
3 3416
5
5
5
1 2673
5
2 6094 6236
2 2673 4110
4 36 2721
4 6094 6236
5
2 2800 3985
1 2206
1 4658
2 55 3860
2 74 5811
4 3831 6236
2 55 5581
1 5549
4 3985 4110
2 3378 6692
3 3860
3 3831
5
1 2669
1 6042
5
2 3487 3970
4 944 2721
2 1255 1298
4 3487 3970
4 2673 4110
3 6692
1 3811
2 944 3823
3 1298
3 5581
4 38 1027
1 354
4 3970 4465
1 2208
3 6091
3 4465
5
2 322 944
3 55
1 4111
3 2986
2 2189 4110
3 2189
1 3182
5
5
4 74 5644
1 6167
5
1 2885
2 36 2721
1 261
3 3487
2 5077 6941
4 36 2721
1 3053
1 4168
4 2800 3985
1 4179
5
3 322
1 2525
5
5
5
2 261 4110
5
2 2415 4110
3 4179
1 2485
4 944 3823
1 427
1 2368
2 2208 5811
2 4355 6941
1 2066
1 3974
5
1 1838
1 4489
4 2415 4110
4 261 4110
5
5
3 2460
4 4355 6941
1 1975
5
3 1255
1 5415
4 74 5811
1 359
2 354 2066
3 4489
1 3487
2 261 1975
5
3 6471
1 7000
1 6048
2 3182 4168
2 427 3182
4 2208 5811
4 261 1975
1 4699
1 5971
2 1218 6048
1 5555
3 4168
3 3974
4 5077 6941
3 5971
3 2669
3 1838
2 503 2206
4 5644 6941
2 2721 4699
1 6306
5
1 3819
2 503 3985
3 3487
2 2066 3970
5
2 1027 4189
5
2 354 3823
1 4977
3 2485
5
4 354 3823
1 2352
2 4355 6094
1 3828
5
3 4977
1 317
3 6048
1 5014
4 1027 4189
5
5
3 3811
5
4 2066 3970
5
5
2 4658 5014
1 6204
5
2 503 537
3 5077
2 74 4658
4 354 2066
5
1 2225
2 3828 5415
1 6349
5
5
4 74 4658
2 2721 6349
1 3387
2 74 2066
3 2673
1 4468
4 2721 6349
2 2686 2721
5
5
4 427 3182
3 3182
2 1027 6204
2 2347 5644
5
5
5
5
4 2686 2721
1 1227
3 1227
5
1 12
2 1975 2686
1 1733
3 1215
3 427
2 6204 6349
5
5
2 12 5415
1 772
2 354 4111
4 354 4111
2 317 3985
1 558
5
4 503 3985
2 12 5549
3 2415
2 944 6349
5
5
2 2686 6042
5
1 6874
4 503 537
5
5
2 354 3970
4 6204 6349
2 359 2206
3 261
1 7086
4 12 5415
4 503 2206
1 5667
1 1100
1 4591
1 4625
3 5415
5
5
2 4355 6204
1 1286
4 944 6349
5
2 3970 7086
3 3823
4 3970 7086
3 6941
3 6306
1 6219
1 5053
3 2206
1 1346
1 5100
1 4320
5
1 883
4 4355 6204
1 1246
3 4355
4 354 3970
4 2347 5644
2 5555 5667
1 2372
3 2347
2 3793 4468
2 558 2368
2 74 7000
4 4658 5014
1 5078
1 1994
1 5763
4 1975 2686
3 3387
2 1994 3378
2 4468 5100
5
1 2899
3 5100
3 3819
3 38
2 772 3828
5
5
3 4625
3 4111
5
2 354 6349
1 2566
3 3985
4 3793 4468
5
2 2566 6219
4 12 5549
5
1 2681
5
5
5
5
2 2208 2225
1 1242
1 316
1 4835
4 74 7000
5
3 36
1 6733
1 5768
5
2 3378 4320
3 2800
1 2137
2 2681 6042
4 5555 5667
1 5282
5
4 3378 4320
2 5282 6236
5
1 1457
5
4 5282 6236
1 6291
4 1027 6204
4 2208 2225
2 2368 5763
2 2885 6733
2 317 6042
2 2885 5549
2 772 3970
2 4110 4699
2 1733 1994
3 4699
5
4 2885 5549
1 139
1 1940
1 5417
3 2137
5
5
2 4189 6291
4 2885 6733
4 354 6349
5
4 4189 6291
3 4110
5
5
3 1218
1 2910
3 2686
3 4468
3 1975
3 2368
3 883
3 1246
4 2566 6219
5
5
1 6449
3 944
2 74 317
2 2208 6094
2 74 2885
4 317 6042
4 2208 6094
5
1 5510
4 772 3828
1 2078
5
5
1 4500
2 316 2352
1 4506
4 1733 1994
1 2244
5
2 1457 2208
3 4835
2 3378 6291
2 5078 6874
2 5417 5811
2 4500 6167
3 4506
5
5
1 2474
4 74 317
4 3378 6291
5
4 5078 6874
1 6619
4 772 3970
3 772
5
5
2 2244 5282
3 5811
1 5777
1 2943
2 2352 5644
4 316 2352
2 503 558
3 3828
3 5667
4 74 2885
1 6192
2 558 4320
4 1994 3378
3 2352
1 5064
2 1100 5417
3 6094
4 1457 2208
4 1100 5417
5
2 316 6192
3 1457
1 3179
2 6349 6449
3 3793
4 316 6192
4 2681 6042
1 3915
1 1220
4 74 2066
5
2 3313 6733
4 2244 5282
2 5768 6874
4 5768 6874
5
3 5763
5
1 5721
2 359 5053
4 4500 6167
5
3 5078
5
1 2693
5
2 1220 6449
4 359 5053
2 354 2943
3 12
3 2910
3 4320
3 2885
5
5
1 6342
2 5644 6342
3 503
5
1 686
4 6349 6449
5
4 3313 6733
1 5196
2 1940 3915
3 5777
3 1220
1 3597
3 1027
5
5
1 671
2 3313 5417
2 139 5555
4 139 5555
4 5644 6342
3 5555
3 671
2 5549 6733
5
2 6204 7086
4 354 2943
4 6204 7086
3 5644
1 1029
1 5037
4 3313 5417
3 3053
5
5
3 1994
5
3 4591
1 5878
5
5
4 1940 3915
3 5417
2 316 1100
1 1538
4 5549 6733
4 316 1100
2 317 4658
4 317 4658
1 4259
2 2372 5282
5
4 2372 5282
5
3 1538
5
3 2681
5
3 686
5
2 2078 2525
2 1100 5037
4 2078 2525
4 1100 5037
5
1 4007
1 4181
5
1 5929
1 2410
2 5929 7000
3 5196
2 317 354
4 5929 7000
1 1624
1 5524
2 2225 6874
4 2225 6874
5
4 317 354
5
1 1924
2 3313 6449
5
5
5
5
2 2566 5878
5
3 1242
2 2566 5282
2 6291 6619
1 5902
2 1924 6219
5
5
3 316
1 528
3 2208
3 2078
5
5
5
5
4 3313 6449
1 5834
5
4 1924 6219
4 2566 5878
5
1 76
3 5524
2 4007 6342
1 1021
1 576
1 3452
2 3378 6042
1 686
3 359
3 5902
1 3556
3 7086
3 6449
2 5053 7000
5
5
3 6219
2 3597 6192
4 6291 6619
3 6167
3 2943
4 3597 6192
2 2525 5768
2 354 5053
5
4 4007 6342
3 4500
2 2244 6733
2 1940 4181
3 6349
2 1029 6192
1 5917
1 438
5
3 6619
5
5
1 3640
2 1029 6042
2 1100 1924
2 2721 5053
5
2 1940 3313
1 3813
1 765
1 1418
5
3 1021
4 1940 3313
1 2795
1 2590
3 5768
1 2492
4 1029 6192
3 2066
3 2899
5
1 164
1 2622
1 222
4 3378 6042
2 3452 6204
4 2566 5282
4 2721 5053
2 2693 5510
4 1029 6042
4 2693 5510
2 3452 3813
4 1940 4181
3 3640
2 4007 5037
2 2244 6342
1 3107
2 1733 2721
3 74
2 528 6236
5
5
2 4189 7000
5
2 1624 2225
3 6733
3 3970
5
2 3452 6874
4 354 5053
2 1029 6874
5
1 4087
3 1029
5
2 3378 4259
5
5
4 1733 2721
3 6874
5
1 5731
4 5053 7000
5
4 3378 4259
4 1100 1924
1 4131
2 2474 5929
4 528 6236
4 3452 3813
3 6291
2 1940 6204
2 5053 7000
3 3813
5
1 5166
4 4189 7000
5
1 3451
1 3559
3 528
1 1134
5
3 2590
1 2046
1 3995
4 5053 7000
5
1 65
3 686
1 2898
3 1346
3 4131
5
2 2372 5929
1 2497
4 1940 6204
4 1624 2225
2 3995 4658
3 558
4 2372 5929
2 765 5929
4 3995 4658
5
3 3995
2 1134 5037
3 1418
2 1624 5510
1 5660
2 4259 5660
4 4007 5037
3 5929
1 6278
4 3452 6204
1 4714
3 1286
3 6236
2 76 354
5
3 4007
5
2 2244 2474
1 2227
5
4 4259 5660
5
4 1134 5037
2 765 1134
1 5928
3 4189
2 164 6278
1 402
3 5731
4 76 354
1 2751
5
2 3559 5917
3 402
3 1733
4 164 6278
2 3107 5037
4 2244 6342
3 6278
2 317 3179
2 2751 3556
4 1624 5510
1 6736
4 2751 3556
5
3 438
5
5
1 2482
1 634
3 1100
2 3179 6342
4 3179 6342
4 765 1134
3 6192
1 6844
3 2795
2 2525 6844
2 2566 5064
2 2046 2474
3 1940
4 2046 2474
3 76
1 4292
5
4 2566 5064
5
4 3107 5037
5
4 2525 6844
5
2 2497 5282
1 606
4 3559 5917
1 6191
4 317 3179
5
5
4 2244 2474
1 1698
1 2433
4 2497 5282
3 7000
1 60
1 6927
2 1924 3313
3 5721
3 317
4 1924 3313
3 5660
2 3179 3559
3 5282
5
5
1 2924
4 3179 3559
5
2 139 3313
2 60 4658
1 577
3 4714
1 6558
3 5928
1 3483
5
3 5014
5
5
4 60 4658
3 2721
5
5
2 2227 6204
1 5244
4 139 3313
2 1698 5244
4 1698 5244
2 65 4181
4 2227 6204
3 2924
3 3313
3 3915
3 1924
4 65 4181
2 3559 4259
5
5
5
1 889
2 65 6342
4 3559 4259
2 2525 5549
5
3 5878
2 164 6204
3 6204
2 2225 2693
5
1 39
2 5244 5549
3 6736
2 2566 5834
1 276
2 3556 5053
2 3556 4087
3 2225
5
3 5549
3 3483
2 2227 2751
5
1 4377
4 2227 2751
3 6558
1 3516
3 3556
4 2566 5834
3 3378
3 5064
5
4 65 6342
1 3735
5
1 2626
3 2410
2 139 5834
1 4334
5
4 139 5834
2 39 606
1 1800
5
1 6700
4 39 606
3 222
1 5702
1 572
3 164
1 3165
2 354 5053
1 151
3 5166
5
1 1923
1 1127
3 5053
1 1727
3 4292
1 1805
5
3 2046
5
5
1 6726
3 6342
5
5
1 2281
5
3 139
2 2525 6042
2 2281 6844
3 537
3 889
5
5
3 3452
4 2281 6844
3 60
4 2525 6042
3 354
3 765
3 1698
5
2 3179 3516
2 576 5244
3 3165
2 2281 4377
5
4 3179 3516
4 576 5244
5
2 1923 6042
2 39 2751
1 180
1 2534
2 576 2622
4 2281 4377
2 65 4334
4 576 2622
3 6927
1 4256
1 9
2 2482 6700
4 1923 6042
3 276
5
4 39 2751
3 2534
3 2372
1 6491
3 6726
4 2482 6700
5
1 3770
4 65 4334
3 1727
3 3107
1 6406
1 3899
3 5244
5
5
2 9 577
5
3 2492
5
3 4334
3 3597
3 2497
5
4 9 577
1 1757
5
2 1800 2433
2 2227 2482
5
2 3899 4181
5
1 4599
2 2482 3735
5
3 6042
4 1800 2433
4 2482 3735
5
4 3899 4181
1 3614
5
5
2 1127 2474
2 1127 6406
2 2898 3516
5
3 151
4 1127 2474
4 1127 6406
4 2227 2482
2 577 634
3 2898
4 577 634
3 2525
3 3899
1 6283
3 606
2 5834 5917
2 2244 3614
1 6674
4 2244 3614
2 2474 3735
4 2474 3735
1 272
5
2 1800 3735
2 3614 3770
2 2281 2482
4 1800 3735
4 2281 2482
2 2626 6844
3 6844
5
3 4599
5
5
3 1923
3 2281
5
4 3614 3770
5
5
5
3 5917
3 272
3 6406
5
1 3882
5
5
3 3559
2 1800 6491
3 6700
3 1757
1 5515
4 1800 6491
5
5
3 180
1 4379
1 6382
2 2751 6491
5
5
5
4 2751 6491
2 2566 4658
2 1134 3179
5
3 5037
3 4087
3 2244
1 1600
2 2566 5834
5
5
1 6238
3 39
1 497
3 1127
2 1624 3882
4 2566 5834
5
4 1134 3179
2 3735 4377
5
3 6382
1 899
1 2237
5
2 5510 6283
1 5778
4 2566 4658
1 5910
3 497
4 1624 3882
2 1134 6191
1 6535
3 2566
3 2751
2 1600 5702
2 2474 3516
3 572
1 5211
4 5510 6283
5
2 2693 3614
1 489
1 1307
2 2693 6535
2 489 5702
4 2693 6535
2 1307 4181
3 3179
5
4 2474 3516
5
2 634 1624
1 3076
1 5773
5
1 4640
4 634 1624
2 577 1805
1 5848
3 6674
1 6088
1 2047
3 5848
5
5
5
1 2229
5
2 899 1134
2 2047 2227
2 4259 6491
5
2 4658 6283
5
2 899 3882
2 2622 5515
4 489 5702
5
3 2433
2 577 1800
5
2 2047 2482
2 65 5834
5
3 489
3 6088
1 6256
1 3432
1 5690
1 4367
4 577 1800
1 2760
4 2622 5515
4 2693 3614
1 2330
4 1307 4181
3 1800
1 6387
5
1 6673
4 899 1134
2 3432 3735
5
1 1468
1 274
5
3 3882
3 576
2 1600 6238
1 1551
3 2474
4 3432 3735
3 274
4 4658 6283
3 6387
1 1920
4 2047 2482
4 65 5834
4 1134 6191
2 2622 5778
2 4379 6256
1 1450
1 3162
5
4 3735 4377
2 6238 6491
4 6238 6491
3 5690
5
5
2 1450 6491
3 6238
2 1600 6673
5
3 6256
1 3055
4 577 1805
5
1 4815
5
1 405
2 2626 4377
4 1450 6491
4 2626 4377
1 337
4 1600 5702
1 1173
4 4259 6491
5
3 634
3 1624
3 4640
4 2622 5778
1 4485
5
3 1600
1 4586
3 2626
2 5515 6491
2 4658 5702
5
5
2 3432 4256
2 1134 3055
5
5
3 4256
4 2047 2227
2 3076 4379
2 2227 6491
5
4 5515 6491
3 6491
2 2330 3614
2 577 5773
2 2693 4259
5
5
5
1 2564
1 2969
5
2 1307 5211
5
1 2361
3 2564
4 1134 3055
5
2 2693 6673
1 2450
5
3 5702
4 2330 3614
5
5
4 1307 5211
1 1630
3 5910
3 3516
2 4259 5510
4 2693 4259
3 4377
4 4259 5510
1 1359
3 9
4 2693 6673
3 2450
5
2 5510 5834
3 4259
5
4 3076 4379
3 4181
4 5510 5834
4 577 5773
3 2482
1 1718
1 4890
2 4367 6673
3 6673
5
3 3614
5
2 337 2229
5
4 337 2229
1 2429
3 2693
2 3770 6191
5
2 3432 6535
5
5
3 5773
5
1 3761
5
1 4510
2 4485 5515
1 4330
3 2361
5
4 4485 5515
1 883
5
3 5211
4 3432 6535
3 4658
2 2237 5778
5
3 1173
5
2 3761 5515
2 1551 3451
1 6027
2 2330 2622
5
4 3770 6191
2 2237 2622
4 3761 5515
1 1758
3 405
4 2237 5778
3 2330
1 1432
2 1718 3451
2 2969 4485
5
1 373
1 2294
2 1758 6027
4 1758 6027
5
3 2622
4 2969 4485
1 5667
5
3 5510
2 1359 4330
1 1379
5
4 1551 3451
5
5
2 1805 2429
5
1 2733
5
2 2047 6191
1 5902
3 1359
4 1805 2429
4 1718 3451
5
4 2047 6191
3 3432
5
5
1 6175
1 1721
5
2 577 4890
2 5902 6191
5
2 1432 2047
3 883
4 5902 6191
3 4815
1 4505
2 1450 6535
3 3770
3 2429
4 577 4890
4 1432 2047
5
4 1450 6535
3 1551
1 5562
2 337 6027
4 337 6027
5
5
3 2227
3 1379
3 2969
5
2 337 3735
4 337 3735
5
3 1630
5
1 1393
5
2 337 4890
4 337 4890
5
2 3451 4510
4 3451 4510
3 2294
2 2229 4367
2 1721 4505
5
3 4379
1 2913
1 5798
2 1920 6191
4 1721 4505
1 1192
3 1805
3 4510
4 1920 6191
1 3641
5
1 6705
2 3451 6027
2 1192 2047
3 2913
5
5
3 373
5
3 3735
2 1450 4505
1 6132
4 3451 6027
4 1192 2047
3 4485
2 2760 4586
4 2760 4586
1 2868
5
1 6976
3 899
1 7013
4 2229 4367
1 954
5
1 4434
4 1450 4505
1 1523
5
3 6283
1 894
5
1 2406
2 3055 4890
4 3055 4890
1 1619
1 5024
1 4331
2 4434 6535
4 4434 6535
2 1619 5667
1 975
2 2406 6027
5
4 2406 6027
1 2851
1 6750
3 6132
3 2851
1 89
5
1 5872
1 4704
4 1619 5667
3 4331
2 89 1721
2 894 6976
3 3162
5
1 1846
1 2603
4 89 1721
5
4 894 6976
5
5
2 3761 5778
3 5872
2 65 1920
3 894
3 5562
4 3761 5778
4 65 1920
2 3076 6535
5
2 2047 5024
5
3 1846
5
4 2047 5024
2 5667 6750
3 1134
5
5
4 5667 6750
3 4586
4 3076 6535
3 4434
3 2733
2 1718 4367
5
4 1718 4367
3 2047
3 7013
2 2603 2868
5
5
5
4 2603 2868
5
3 2229
5
1 3558
5
5
5
3 1758
5
1 4299
1 977
1 1177
2 4299 5834
3 577
4 4299 5834
1 2609
3 1307
5
3 6191
5
2 1177 1523
2 337 6750
4 1177 1523
5
3 3076
2 2760 4367
5
1 1334
3 4299
4 337 6750
5
2 1177 1334
4 2760 4367
5
3 6535
4 1177 1334
5
3 2603
1 5837
2 1523 2406
1 6534
4 1523 2406
5
3 6976
3 4367
2 1334 2760
1 5048
1 2796
1 6775
4 1334 2760
1 2731
2 4890 6175
1 3586
2 2609 5837
5
4 4890 6175
1 333
5
1 3874
3 65
2 1619 4330
4 2609 5837
2 1192 2731
3 337
5
3 6027
5
3 1468
5
4 1192 2731
5
5
2 2868 6534
1 2602
4 1619 4330
5
5
4 2868 6534
2 3761 5834
3 6775
4 3761 5834
3 3586
5
1 4810
2 4505 5902
4 4505 5902
3 5798
1 1984
3 3558
3 2796
1 2897
2 1619 6534
3 1920
4 1619 6534
3 6534
1 441
3 2897
1 2752
3 89
2 333 975
5
5
2 3874 5834
5
2 441 2609
4 441 2609
4 3874 5834
4 333 975
1 6502
1 731
1 5335
1 639
1 3715
2 2609 3715
1 1580
4 2609 3715
2 1523 5335
3 2760
5
1 3870
4 1523 5335
5
5
1 6010
5
2 333 2406
5
4 333 2406
5
2 731 6750
5
5
4 731 6750
1 5572
1 3740
2 731 4704
2 2602 5335
1 1429
3 1721
4 731 4704
3 731
2 1429 4810
4 2602 5335
3 1432
2 333 6010
1 5906
4 1429 4810
5
1 2859
2 3451 3761
3 3740
5
3 1984
3 1177
5
5
5
1 7018
4 333 6010
1 3056
4 3451 3761
5
1 6945
3 2406
5
5
1 2866
3 1523
5
1 5619
5
2 3056 4704
3 4505
4 3056 4704
5
3 5619
1 1116
3 6750
3 6502
2 333 1116
4 333 1116
2 4704 5834
4 4704 5834
2 2752 6705
3 441
2 977 3641
2 2237 3641
1 1400
3 954
1 3256
4 2752 6705
4 977 3641
3 2731
3 5024
1 730
2 639 5335
5
3 333
3 1400
3 1192
1 1956
1 2525
2 1116 1450
3 5667
2 5335 5902
2 1619 3256
1 1456
3 4810
3 3451
1 1719
5
5
3 730
2 1580 1619
2 6175 6945
2 1450 5837
5
2 2609 6705
1 6073
4 1580 1619
4 1619 3256
4 5335 5902
2 2237 4704
5
2 975 1580
1 222
1 6027
1 2514
3 3715
3 1580
2 5572 6010
2 2514 6027
5
1 6535
2 1429 1956
2 5778 7018
5
2 975 2602
3 3055
5
4 6175 6945
4 2237 3641
1 4220
4 5572 6010
5
5
3 6535
2 2868 3056
4 2514 6027
5
3 4330
2 1456 2868
2 1450 3870
2 2859 3256
4 1450 3870
2 1956 4220
3 5906
1 3561
1 2785
2 975 1456
2 2785 3561
2 3641 5572
5
3 2602
5
3 3561
1 3186
3 1956
3 2866
3 6175
4 1450 5837
5
5
5
2 1450 7018
5
3 7018
5
2 2514 2525
1 7064
2 5778 6073
4 975 1456
4 2868 3056
4 2609 6705
3 222
3 2525
3 5335
2 1450 6027
1 1503
4 1456 2868
4 1450 6027
1 4579
5
5
5
1 5133
1 6658
4 2859 3256
4 3641 5572
4 1116 1450
5
2 1718 6705
3 3186
5
2 5778 5834
3 4220
4 5778 5834
5
5
5
2 3256 5834
2 3056 6027
1 5104
3 6705
5
2 3056 6658
3 1719
4 2237 4704
1 389
4 3256 5834
2 1456 5572
2 3761 5048
1 3733
2 2868 3761
5
3 3870
1 5136
2 975 3256
1 6075
4 1456 5572
4 3056 6027
2 1393 2237
1 7098
1 3384
3 639
1 1273
2 3733 6010
3 5837
1 1384
5
2 2752 5778
4 5778 6073
5
3 5902
1 2108
4 3056 6658
5
4 3761 5048
3 3874
1 2325
1 4833
5
1 126
4 1393 2237
5
4 2868 3761
1 3006
1 6169
3 2859
5
4 3733 6010
4 975 3256
5
5
1 5267
5
5
1 356
2 2785 5133
1 1522
1 4014
1 5538
4 2752 5778
5
3 5267
3 2868
1 521
4 2785 5133
3 389
5
3 1718
1 6771
5
1 1331
2 1619 3641
3 5778
1 557
1 6695
1 145
2 1273 3006
1 2242
2 521 1393
1 123
2 1522 5048
3 2325
4 1273 3006
3 5048
5
3 1522
2 123 4579
5
4 1619 3641
5
2 1331 7098
1 1316
4 521 1393
1 6173
3 3761
5
2 521 4014
1 2790
2 1450 2514
1 292
5
4 123 4579
1 5805
5
3 1384
4 1331 7098
2 1116 2790
4 1450 2514
4 521 4014
4 1116 2790
1 2273
1 246
3 1273
2 4833 5538
1 2633
5
3 977
1 2195
3 4014
5
2 2237 2633
2 1316 6658
1 1871
4 4833 5538
3 126
4 2237 2633
2 2633 3256
2 3641 5136
2 5834 6695
5
3 3056
2 1450 5805
2 2752 3256
3 4890
2 1334 1871
5
1 4746
5
4 2633 3256
3 4833
2 2752 6173
1 1785
2 1316 4746
5
3 1456
2 3641 6010
2 1331 6658
1 7101
4 1334 1871
1 6942
1 5964
1 1877
1 589
3 6658
2 2242 6010
5
2 356 5805
5
2 123 7098
1 511
5
5
5
3 356
3 1450
3 1331
4 2752 6173
3 6010
5
4 2752 3256
1 6802
3 7098
4 1316 4746
4 5834 6695
2 145 3256
4 3641 5136
4 145 3256
2 1393 6027
3 145
3 5133
4 1393 6027
1 5404
1 2225
1 1883
1 6793
5
2 557 2237
5
2 557 2273
5
1 6949
4 557 2237
2 6073 6075
5
5
2 5136 6793
3 2514
5
2 4704 5104
1 3269
4 6073 6075
1 2069
4 4704 5104
5
5
3 2752
4 5136 6793
1 4570
2 2225 6945
4 557 2273
2 557 1316
2 2069 5515
4 557 1316
4 2069 5515
4 2225 6945
2 2785 5404
1 2434
1 1630
2 975 1883
4 975 1883
2 3256 5805
3 6945
5
5
1 3027
1 1678
1 51
3 6169
5
4 3256 5805
4 2785 5404
5
5
1 3123
2 2609 3384
2 589 1630
1 1383
5
2 511 3123
3 1334
1 3561
3 5834
3 5404
4 2609 3384
1 6
2 3006 3641
2 1883 4704
1 7066
3 557
3 5136
1 2111
4 1883 4704
3 1678
1 5276
4 511 3123
4 589 1630
5
1 2281
4 3006 3641
3 1429
2 123 6075
2 2434 5572
2 123 7066
4 123 7066
3 3641
2 2237 6771
1 5891
2 2069 2242
5
1 2387
1 6382
2 1630 5104
1 7026
1 2090
2 3733 7064
2 1393 5805
5
3 6382
4 123 6075
3 975
3 2281
4 3733 7064
3 6173
3 6771
4 1393 5805
4 2434 5572
5
3 292
5
3 1316
2 2108 5515
3 2090
3 1393
2 1116 5964
2 2111 6802
1 6081
1 3154
5
1 799
4 1630 5104
2 1503 2434
2 123 1871
2 5104 5538
5
1 1906
4 2111 6802
2 1877 3123
3 2111
4 2069 2242
3 6793
2 51 4704
4 51 4704
2 1630 6075
3 1877
5
4 1630 6075
3 1630
1 4238
1 4102
4 123 1871
2 1871 4704
1 3664
3 5964
4 1871 4704
3 5805
4 2108 5515
5
2 2242 5276
3 7026
1 1573
2 4579 6949
1 5149
1 3737
4 2242 5276
4 1503 2434
2 3269 5276
2 589 3664
3 2195
5
2 1503 1871
1 3451
1 186
3 3561
4 5104 5538
4 3269 5276
3 511
1 272
4 589 3664
4 1503 1871
5
2 3006 3256
1 4275
3 799
2 6 6027
3 6073
2 5572 5891
4 4579 6949
3 4238
3 2785
5
4 5572 5891
4 3006 3256
1 412
4 6 6027
2 2108 3733
3 1503
5
1 3977
4 2108 3733
2 3006 3977
3 2069
2 6695 6949
2 1573 2434
3 2225
3 6942
5
4 3006 3977
1 2544
3 2544
5
1 3950
2 1883 5149
3 123
3 589
4 1883 5149
5
1 194
5
2 1871 5149
3 6695
1 6731
3 5515
2 2242 7066
3 246
1 3151
4 1573 2434
1 2650
3 2273
5
5
5
5
4 2242 7066
4 1871 5149
5
3 6
1 781
2 781 2650
5
1 3365
3 7066
4 781 2650
2 2237 4275
2 3151 3154
3 3006
2 4704 5104
4 2237 4275
2 3977 5104
2 3027 5104
2 1573 2609
1 3775
5
4 3027 5104
5
5
1 6403
1 11
4 1573 2609
3 5891
2 51 2242
1 807
1 3108
5
1 1237
5
2 2790 5538
3 7064
4 2790 5538
1 1677
1 204
5
1 6917
2 3108 3256
5
1 3722
1 4590
1 771
1 68
2 272 6731
2 781 1237
4 3108 3256
2 1619 4102
4 272 6731
2 2387 2790
5
4 781 1237
1 6356
3 6731
3 5104
2 3722 5572
1 4860
5
3 781
3 186
3 1677
4 1619 4102
3 4275
3 4590
5
3 5538
1 5084
2 1573 1785
2 2108 3733
4 51 2242
1 5192
4 2108 3733
1 4864
2 3108 4704
1 5260
1 1080
1 2451
1 2129
4 3151 3154
3 521
4 3108 4704
2 2108 2387
5
3 3384
3 3451
5
1 6646
1 268
3 1080
3 6075
4 2387 2790
2 272 7101
1 400
1 6272
3 3269
5
5
3 268
2 3154 6917
5
1 3354
3 3733
2 204 5149
1 2961
5
4 3154 6917
5
1 6402
3 272
2 412 4570
3 400
4 1573 1785
5
5
4 3722 5572
2 1871 3256
2 2108 6027
5
3 1573
2 2129 3151
4 2108 2387
3 5572
1 3458
1 4868
4 2108 6027
4 2129 3151
3 3737
3 3151
1 5819
4 204 5149
4 1871 3256
4 412 4570
1 1992
3 771
1 997
5
1 6636
5
2 2387 3664
5
3 4704
1 3100
1 87
3 1906
2 1237 4746
4 1237 4746
5
4 2387 3664
3 2242
5
3 3775
5
5
5
5
1 1119
2 204 6646
5
3 4570
5
3 3154
3 412
3 5260
5
1 5504
1 79
4 204 6646
5
3 5504
2 1785 5149
3 3100
4 1785 5149
3 5192
2 87 7101
5
1 6200
2 1237 5149
1 6859
1 2765
4 87 7101
4 1237 5149
1 1250
2 1992 6272
4 1992 6272
1 7022
5
2 807 4864
5
5
5
4 807 4864
3 2765
5
5
3 1250
1 5196
2 11 1871
5
5
4 11 1871
5
5
5
3 5084
1 5947
2 51 6949
5
1 5020
1 6924
1 5224
2 204 4579
4 204 4579
1 4349
3 6636
1 214
4 51 6949
2 68 87
1 3075
1 5535
1 5826
2 51 79
4 68 87
3 51
3 214
2 1785 6402
2 3664 6356
3 6949
1 692
1 1432
2 5196 6859
4 5196 6859
4 3664 6356
3 6646
5
3 6081
1 5113
4 1785 6402
3 3365
1 6048
5
3 3027
1 3706
1 1436
5
1 267
1 5433
3 3458
1 6227
2 68 1785
2 3256 7101
2 807 5819
4 807 5819
1 3359
2 3075 4579
2 2609 3977
3 204
1 6380
1 2638
1 3601
2 5276 6859
1 3554
1 510
2 4868 5819
2 3664 5826
4 3075 4579
3 5276
4 2609 3977
5
4 3664 5826
3 3706
4 4868 5819
3 2451
1 3553
1 562
4 3256 7101
3 6402
5
1 604
5
2 3553 4349
2 4349 5819
2 3123 4579
1 4493
4 3553 4349
3 2961
1 2890
2 3601 6924
1 3192
4 68 1785
3 267
2 1237 4102
2 3123 6272
1 4109
2 3601 5224
3 3722
2 2633 4109
1 1486
4 3601 6924
4 2633 4109
4 1237 4102
1 907
3 4349
1 6373
4 3601 5224
2 2108 6356
1 106
1 589
3 2638
1 6524
5
3 4102
2 2108 4493
5
2 3664 6272
2 3601 6380
3 5020
2 1486 4868
2 87 1992
4 3123 4579
2 1785 5224
4 1486 4868
2 2790 6403
1 4904
2 1237 4868
3 2890
1 341
2 510 5196
5
2 68 2237
3 5826
4 1237 4868
2 3192 4860
1 6976
4 87 1992
1 453
3 106
1 1233
5
1 3223
1 3787
2 2129 4864
2 11 6373
2 997 3950
4 3192 4860
4 2108 6356
3 6373
4 3601 6380
3 3192
4 1785 5224
3 1871
3 510
4 2129 4864
5
2 2387 2434
5
1 789
4 997 3950
1 2802
5
4 3664 6272
4 2387 2434
5
4 2790 6403
2 5535 6356
1 6437
1 6613
4 5535 6356
1 2932
3 3223
4 3123 6272
3 4904
5
3 807
4 68 2237
2 1119 2932
5
2 2609 4579
5
4 2609 4579
3 2932
1 6990
4 2108 4493
2 194 692
5
2 3554 5433
3 6027
2 11 2434
4 11 2434
4 194 692
3 6990
3 6380
3 6048
4 3554 5433
2 1785 4746
2 2650 2790
3 3075
1 4368
5
5
2 692 1883
1 2942
1 6359
3 68
2 789 6227
4 789 6227
5
1 1554
5
5
3 6524
1 1180
2 1992 5947
5
3 2434
1 6932
3 1554
1 1130
3 1116
5
3 3664
4 2650 2790
4 1992 5947
5
5
3 1383
1 6255
4 1785 4746
2 1883 5224
1 6984
4 1883 5224
2 5149 6932
5
2 3601 5196
2 5947 6359
4 3601 5196
5
5
4 5947 6359
1 6756
4 5149 6932
3 4579
5
5
1 1812
1 1018
4 692 1883
2 692 3354
3 7022
2 2609 3950
3 5149
3 1018
2 2942 3601
5
1 1006
3 11
3 589
2 6756 6802
3 1812
5
5
4 2942 3601
5
5
5
3 5224
5
5
2 4109 4368
2 1233 5433
1 4176
5
2 789 4746
1 2836
2 6200 6403
4 2609 3950
3 453
1 6476
3 4868
1 6799
5
5
1 2204
3 1619
5
4 1233 5433
1 1959
3 5196
5
4 6200 6403
1 5999
2 562 1785
1 6604
2 3354 4176
2 2836 3359
1 6198
5
2 1883 4109
2 2790 6272
4 1883 4109
5
2 1180 2387
4 1180 2387
4 3354 4176
5
4 4109 4368
3 5819
4 2790 6272
5
5
3 1180
2 79 6359
2 3554 4493
3 6476
5
1 5279
1 6544
2 2790 4176
3 2609
5
1 5869
3 1486
2 2802 6227
1 5396
1 2953
2 604 4493
4 692 3354
1 4093
3 4746
4 2790 4176
4 562 1785
2 1006 3108
5
4 1006 3108
1 6666
4 604 4493
1 6440
5
5
4 3554 4493
5
4 2802 6227
1 2996
1 6947
3 1432
2 5947 6799
3 3359
1 2328
2 3123 6604
2 1883 6976
2 1883 6666
3 4368
4 5947 6799
5
1 2967
5
1 155
1 1107
5
3 1992
1 6813
2 2802 6802
4 6756 6802
2 2328 6917
3 3787
2 1233 2953
3 6984
4 3123 6604
4 1883 6976
5
3 79
2 604 789
2 1119 3977
3 1237
5
5
2 1107 4176
5
4 1883 6666
4 2802 6802
4 604 789
3 6917
5
1 6182
4 1233 2953
3 4109
4 1119 3977
5
1 242
3 6403
4 1107 4176
5
2 2790 4093
4 2790 4093
1 1032
1 4633
2 3108 6666
5
1 248
2 2204 3601
5
2 4864 5396
5
1 1669
1 3643
1 6078
5
4 4864 5396
4 3108 6666
1 3094
2 2237 5947
1 1223
1 2665
5
4 2237 5947
1 3455
4 2204 3601
5
1 6152
5
3 1107
2 242 4093
5
4 242 4093
5
5
2 2967 4493
5
4 2967 4493
5
5
2 5279 6613
5
1 2168
2 3256 6198
3 1883
1 1370
1 6488
2 2790 3601
4 5279 6613
4 3256 6198
4 2790 3601
5
3 1233
3 3354
3 2953
3 3094
3 194
3 1223
2 1006 3553
5
2 155 6078
5
4 155 6078
5
1 4358
4 1006 3553
5
3 692
5
2 2836 6799
4 2836 6799
2 1119 6666
3 7101
5
4 1119 6666
1 566
1 5069
5
3 6802
1 1081
1 538
1 6575
3 6356
1 5634
2 6198 6488
2 2237 2328
3 3553
3 6976
3 4860
5
1 5315
3 6440
3 341
5
3 242
4 6198 6488
4 2237 2328
5
5
2 1081 2836
2 566 2836
1 4825
3 3108
5
5
4 1081 2836
4 566 2836
5
3 538
2 2790 4176
3 3950
1 4317
5
4 2790 4176
3 6272
2 562 2328
1 2535
4 562 2328
3 1081
5
3 6544
3 2168
1 6416
2 2237 2328
1 2699
4 2237 2328
2 155 6227
2 566 2942
4 155 6227
3 6152
3 6932
4 566 2942
1 5687
5
1 5886
3 4093
5
2 1785 2535
5
2 1130 5886
3 6198
1 6861
1 6580
4 1130 5886
5
4 1785 2535
2 6575 6756
2 4176 5069
3 6604
2 1370 4633
5
2 604 3977
4 1370 4633
3 1119
2 1006 6359
2 3256 4825
3 6575
2 907 2836
2 604 6200
1 6014
5
5
4 1006 6359
3 6756
3 3123
3 2665
3 1370
5
4 3256 4825
5
4 604 6200
2 5999 6813
4 604 3977
2 566 6078
4 5999 6813
5
1 2538
2 2538 5634
5
1 2664
1 5460
1 2495
1 4847
2 2996 6799
4 2538 5634
4 566 6078
4 2996 6799
4 907 2836
1 3989
5
2 1032 6813
5
1 4060
2 2967 5535
1 1569
5
3 907
5
4 2967 5535
2 1959 6227
2 1436 3455
5
2 3256 6488
3 4358
1 1658
3 5535
3 2129
4 1032 6813
3 6859
4 1959 6227
5
1 1513
3 5886
3 1959
4 4176 5069
2 2387 2802
2 3989 4176
2 2328 2699
1 390
4 3989 4176
3 2633
4 2387 2802
4 2328 2699
5
2 1669 6437
5
5
1 3593
2 1513 5634
3 2237
5
2 155 390
2 1130 5999
1 1937
4 3256 6488
3 4176
4 155 390
3 6437
3 6947
3 2108
3 5634
4 1130 5999
3 6861
4 1436 3455
2 2387 2996
3 4825
5
4 2387 2996
3 2802
5
5
3 1513
3 248
1 6423
5
2 2328 4317
3 5687
1 486
2 4864 6182
1 5037
5
5
5
5
4 2328 4317
1 2017
2 2017 6182
3 2664
3 604
4 4864 6182
5
2 5460 6182
1 1252
3 2942
4 5460 6182
2 1937 3455
2 486 2017
3 6423
4 486 2017
1 1325
3 2699
5
4 2017 6182
5
1 3066
4 1937 3455
1 2883
5
5
5
3 6200
2 155 5999
1 7062
5
2 1436 5396
4 155 5999
1 4059
5
1 2505
4 1436 5396
1 1774
3 5315
2 2505 3554
5
3 1785
4 2505 3554
5
2 2996 6014
2 2387 5113
4 2387 5113
1 5877
2 486 5037
5
2 3256 6799
2 997 3989
5
3 5396
2 1325 1436
3 1774
4 2996 6014
2 5113 6666
1 2523
2 1436 6255
1 5298
5
3 2505
3 1569
1 5915
4 1436 6255
4 486 5037
2 5460 6014
5
1 2651
5
5
5
3 2535
4 3256 6799
2 2495 5037
1 3484
5
3 4633
4 5113 6666
5
4 1325 1436
5
1 3614
3 5279
3 2790
1 1679
2 3977 7062
4 5460 6014
2 3601 5433
5
1 112
5
4 2495 5037
5
2 562 5298
4 997 3989
3 6078
3 2836
3 2651
4 562 5298
1 2439
5
3 5869
4 3601 5433
2 3593 5069
1 103
4 3977 7062
5
3 3066
4 3593 5069
1 2192
2 103 5433
5
1 29
2 3989 6580
2 87 2883
4 87 2883
2 1658 2996
5
4 1658 2996
4 3989 6580
2 87 2650
5
4 103 5433
2 1937 2967
3 5877
4 87 2650
5
5
1 5426
1 4198
1 579
5
2 1006 5298
3 390
4 1006 5298
2 2650 5460
4 1937 2967
3 4059
3 3593
1 6288
3 6488
2 2387 5433
1 6045
1 5957
1 5304
2 789 3601
3 4847
3 1325
2 2387 6666
3 6014
1 1520
4 2387 5433
3 2883
3 2017
5
3 1520
5
5
2 3643 4198
5
4 2650 5460
1 6998
5
2 486 1436
2 2523 5999
1 1851
2 2650 2996
5
3 1006
3 4198
2 5947 6924
5
4 2387 6666
4 2523 5999
1 3122
2 5947 6613
4 2650 2996
1 5711
5
2 103 4060
3 1658
5
3 3601
4 5947 6613
5
3 6666
3 6045
1 4117
5
2 1679 7062
4 103 4060
1 481
5
4 1679 7062
3 6288
3 1679
2 5711 6998
1 4487
4 5947 6924
3 6359
3 2996
1 4166
5
5
5
2 29 6924
4 5711 6998
4 29 6924
1 5842
3 579
5
5
5
3 1436
2 5037 5113
4 5037 5113
5
3 103
2 4493 5957
1 1324
3 1851
2 3122 3256
3 5957
2 6255 6998
5
1 77
1 2918
1 5588
4 6255 6998
5
4 3122 3256
5
5
1 6483
2 2650 5433
1 7095
2 3977 5037
3 566
5
5
5
3 29
3 997
1 6018
5
5
5
2 2387 6580
1 5893
3 3256
1 5693
1 305
5
4 2650 5433
5
2 87 4864
3 2967
2 1669 5999
1 6808
5
3 6799
4 87 4864
3 2495
5
5
2 4117 6255
5
5
2 1252 3554
2 3614 6182
3 3977
4 3614 6182
3 4117
2 5588 5999
2 305 2918
1 2163
3 2204
1 5446
1 283
3 5446
1 5916
4 5588 5999
5
4 1252 3554
4 2387 6580
2 481 5947
1 5803
3 5916
4 481 5947
2 1252 5433
3 6227
5
4 1669 5999
5
1 5835
5
1 1776
4 1252 5433
4 305 2918
1 3811
1 388
3 2650
2 5460 5842
3 5711
2 283 5999
4 283 5999
5
1 7089
4 5460 5842
3 5037
3 5893
5
2 283 2523
1 3659
1 6248
1 6115
4 283 2523
1 4908
1 2325
3 5113
2 3643 5999
3 1032
1 5484
2 2192 5484
2 5835 6483
4 3643 5999
2 112 155
4 2192 5484
2 481 1130
1 7055
5
2 1130 2918
5
4 1130 2918
3 5433
4 112 155
1 1778
2 2192 6580
1 5964
4 481 1130
3 1669
1 1506
4 5835 6483
5
5
3 4864
1 17
1 5644
2 4060 7062
2 1324 2163
2 3659 4493
5
3 1776
5
4 3659 4493
2 5460 5588
1 636
3 481
3 3659
3 2163
2 1252 5644
4 2192 6580
5
4 1252 5644
2 4493 6416
3 5298
4 4060 7062
5
4 4493 6416
4 5460 5588
3 1506
2 2538 6115
3 3554
1 2666
2 2666 4493
5
2 6416 6808
3 155
4 6416 6808
1 4371
3 6182
5
1 4251
2 388 6808
1 5344
1 6408
5
3 4317
4 2538 6115
1 757
4 2666 4493
2 2387 4493
4 2387 4493
1 1548
4 388 6808
2 562 5484
3 4166
3 2523
2 5964 6998
1 511
5
2 2325 6924
3 562
4 2325 6924
1 3027
1 806
5
3 6115
3 5426
4 5964 6998
5
5
2 6998 7089
2 4908 6813
4 6998 7089
5
5
1 6301
4 4908 6813
1 6335
1 2511
2 4371 5803
1 4693
5
5
1 6119
5
1 945
4 4371 5803
1 145
2 4371 5803
1 3093
1 4164
5
5
5
3 3989
5
3 3811
2 1778 7095
5
4 1778 7095
2 3027 3455
2 4251 5842
1 7079
2 1252 6018
2 3484 5588
1 3640
4 4371 5803
4 4251 5842
5
3 4693
1 6244
1 5756
3 6301
5
4 3484 5588
1 5705
4 3027 3455
1 177
1 2777
4 1252 6018
5
5
1 4180
5
2 3643 5999
3 3122
1 4153
3 6119
3 486
3 5705
4 3643 5999
5
3 5835
3 5304
1 3628
5
3 3643
5
1 2775
1 4069
5
2 87 305
5
3 2775
1 40
4 87 305
2 806 5999
5
1 5380
5
3 2511
2 177 5803
3 6998
2 177 3484
1 3652
5
5
2 789 4069
4 177 5803
1 6976
2 4251 5999
5
3 7095
5
3 5484
1 83
4 177 3484
5
1 4046
4 806 5999
2 2538 6613
5
3 177
3 17
5
1 6209
5
3 945
4 2538 6613
1 2115
1 4672
5
5
3 4908
3 5999
1 3982
3 5964
1 2978
3 2115
3 4046
1 1213
4 789 4069
2 83 5588
1 4420
4 83 5588
3 1213
2 83 4420
5
3 5915
5
5
1 4711
2 3614 4060
5
3 6209
3 112
1 6203
2 4493 5803
2 87 5947
3 5756
2 4672 6613
4 87 5947
4 4672 6613
2 2328 4153
5
4 83 4420
5
5
5
1 593
2 87 5588
2 4487 6580
5
4 87 5588
2 2918 7055
2 1130 2777
4 2328 4153
3 2328
1 874
2 874 6924
3 5803
1 700
1 6917
4 4487 6580
5
4 1130 2777
1 3532
2 3027 6580
2 4180 7079
5
4 3614 4060
5
5
4 4180 7079
4 2918 7055
2 1778 2538
2 1937 3652
1 5636
4 1937 3652
4 1778 2538
4 874 6924
2 2192 3640
2 789 2325
5
5
2 2192 2387
4 2192 2387
3 1778
2 77 7055
4 77 7055
3 3652
4 3027 6580
3 5947
2 5069 6917
5
2 2777 4180
3 7055
4 2777 4180
3 2538
5
3 6335
5
4 789 2325
5
2 4711 6917
1 5403
3 305
4 4711 6917
3 5403
3 6613
2 40 5636
3 6976
4 5069 6917
1 3119
3 3455
2 636 6483
2 789 4164
5
3 6813
2 3640 6483
1 2170
4 789 4164
3 2918
4 2192 3640
5
1 3284
1 5480
4 3640 6483
5
3 757
3 4711
4 636 6483
5
4 40 5636
1 196
1 6855
2 2666 3982
2 636 6917
1 6620
5
5
5
3 7062
5
1 6517
3 1130
1 4766
4 636 6917
2 3982 6408
3 4672
4 3982 6408
1 4235
2 6416 6483
5
3 5842
1 4509
5
2 388 4493
1 71
3 5693
2 3484 7079
1 41
5
1 503
5
5
2 700 1252
2 71 4060
1 6319
5
3 2666
1 1489
3 4235
5
4 71 4060
1 150
1 6027
3 2387
5
3 6855
1 4604
1 1001
3 6408
2 593 6924
3 806
3 5344
1 4030
2 1548 4493
4 593 6924
2 2777 3982
4 2777 3982
1 2003
1 2302
4 1548 4493
5
3 4153
1 6927
1 5216
1 4968
3 150
4 700 1252
3 6620
1 543
2 4493 6248
3 593
5
3 71
1 2846
4 3484 7079
3 7079
4 6416 6483
1 6477
4 388 4493
3 196
2 636 6517
1 2574
4 636 6517
5
4 4493 6248
2 1937 4487
4 1937 4487
1 5667
1 185
3 6477
2 3614 4251
3 5636
3 2170
3 3093
5
1 6462
2 3027 3614
3 6203
3 503
4 3027 3614
5
3 2574
5
5
1 5100
2 185 4251
3 5069
4 3614 4251
5
4 185 4251
2 388 3119
4 388 3119
3 511
3 83
1 2002
2 789 3532
5
5
3 6255
4 789 3532
3 4180
3 4493
3 4030
3 7089
3 6483
2 87 6018
2 3119 4371
5
5
1 3360
5
1 4230
2 1548 4371
2 2439 5216
1 1039
5
5
2 636 5100
4 636 5100
2 4487 6018
4 3119 4371
2 1039 2439
2 1039 5460
5
3 3484
1 3958
5
1 3800
4 4487 6018
1 5983
4 1039 5460
4 87 6018
1 2047
1 5765
4 2439 5216
5
3 1489
4 1039 2439
1 3689
4 1548 4371
2 283 700
2 636 3284
3 636
2 2002 6244
1 2200
2 789 4509
3 543
2 2439 3628
3 41
1 3955
5
1 2329
2 2302 5460
3 4230
3 6244
3 87
3 3628
3 145
5
5
4 283 700
2 2200 4487
1 732
5
3 4604
3 2846
2 2200 5480
3 3958
5
1 6586
5
3 283
5
4 2302 5460
1 6916
1 882
1 5443
4 789 4509
5
5
3 5380
4 2200 4487
4 2200 5480
1 7033
1 2239
3 4509
2 3119 5100
3 2329
2 3360 5983
2 1548 6517
5
2 1039 5644
5
1 3493
4 1039 5644
1 473
5
3 5983
5
2 2978 6917
1 2990
1 4280
1 3728
1 1947
2 1947 5100
4 2978 6917
1 5324
2 3027 5644
4 1947 5100
4 3119 5100
1 7063
5
3 5324
2 2192 3284
4 2192 3284
2 1252 1324
3 4280
2 77 4069
2 789 4420
5
3 6517
5
4 77 4069
2 3360 4766
5
4 789 4420
3 874
5
5
2 6018 6319
3 6580
5
3 3982
2 4164 6319
5
5
2 2777 7063
4 6018 6319
5
4 3027 5644
3 6927
1 4364
1 1066
1 2251
2 185 2990
1 2136
5
3 6916
4 1252 1324
5
1 4446
2 5100 6924
1 3453
4 3360 4766
1 6620
2 2136 5460
2 2251 3119
5
2 40 3614
3 3027
5
5
1 2342
3 2002
4 2777 7063
1 2995
1 6579
4 2251 3119
3 2439
3 6620
1 2309
1 6407
1 781
1 790
5
2 1937 6018
4 1937 6018
3 185
3 3284
2 5216 6808
4 40 3614
5
5
4 2136 5460
5
1 4105
2 1937 2302
3 3453
4 4164 6319
4 1937 2302
3 732
3 2239
2 77 790
2 4164 5216
5
1 3524
1 2795
3 2978
3 781
1 4383
3 1001
3 3614
4 77 790
2 2251 3955
1 6148
1 2386
3 4420
4 5216 6808
5
1 2260
4 4164 5216
2 1252 4251
3 6416
5
1 2456
4 5100 6924
1 6799
3 6148
5
3 2302
3 2995
5
1 1018
2 1039 6924
3 2003
3 2456
5
4 1252 4251
2 388 3532
2 2386 2795
3 1252
3 77
1 6125
2 3119 6808
5
5
1 3206
4 2386 2795
1 248
4 2251 3955
1 5416
2 4371 5765
1 6489
2 1324 5100
2 3955 6917
4 3955 6917
5
3 6407
4 3119 6808
3 2136
5
5
3 3728
5
4 388 3532
3 789
3 6799
3 4060
2 2325 6489
5
2 4968 5588
3 3360
1 6893
5
1 2176
3 3955
1 3126
2 2386 5216
2 2260 5416
4 2260 5416
1 5411
2 2047 5443
3 6924
3 5644
1 1600
5
5
3 4487
2 473 4766
3 4251
2 3493 4383
2 1600 3532
5
5
4 4371 5765
1 6359
4 4968 5588
3 1937
3 5460
3 2342
3 6248
3 473
1 5162
5
3 7063
4 2386 5216
3 1947
3 5416
2 4383 5216
3 2309
1 4664
1 6751
3 3532
1 3865
2 2176 7033
3 2176
5
5
3 6808
2 3800 6125
5
5
1 3984
3 6319
2 2325 4968
1 3380
2 2260 3380
3 1548
5
3 6125
2 3689 4069
4 1324 5100
2 4164 6027
4 2047 5443
2 2047 6027
2 790 4364
4 790 4364
3 882
5
2 2777 3800
4 2260 3380
3 7033
1 2798
1 4706
1 6475
3 6586
4 4164 6027
2 3126 5216
2 1600 6359
3 700
1 2914
1 2609
2 248 3524
1 3057
3 4364
5
4 248 3524
5
5
1 2941
5
1 2361
5
3 3380
3 3865
1 3652
3 3640
3 2798
1 1049
5
4 1600 6359
3 5216
5
3 2047
2 2795 6462
3 3689
5
5
2 6579 6893
5
2 1018 4706
2 2325 6027
4 1018 4706
3 4968
5
3 4371
1 2528
4 3493 4383
4 2325 6027
2 4383 6893
5
4 2795 6462
1 1075
2 4164 5667
5
2 2386 5480
5
1 6797
2 1066 6797
5
5
2 248 388
4 2325 6489
4 248 388
4 2777 3800
3 3493
5
3 6359
1 5618
5
4 6579 6893
5
5
2 2200 5443
1 6813
5
4 1066 6797
1 565
5
3 2260
1 5508
4 4383 6893
4 2200 5443
2 3057 4069
3 4383
5
1 7074
4 3057 4069
2 1066 5588
1 5214
3 4706
1 3509
5
4 2386 5480
3 5162
2 2200 2941
3 6018
2 4164 5100
2 1075 4664
1 2042
3 1018
3 6475
5
1 5001
1 2229
3 248
1 5549
3 5765
3 40
1 2516
1 2115
1 547
5
5
5
3 5508
2 1600 2941
1 2844
4 1075 4664
4 4164 5667
5
3 6917
3 5480
2 2914 4069
4 2914 4069
3 5588
2 2609 5001
5
3 4069
3 2990
4 4164 5100
1 5526
4 2609 5001
5
1 7024
3 5667
2 3126 4766
4 1600 2941
3 3119
3 6489
3 6813
4 3126 4766
4 2200 2941
5
3 2325
5
1 1953
5
3 6027
3 2251
1 3722
2 3206 3984
1 444
4 3206 3984
1 855
5
1 835
5
1 3347
3 2386
3 6797
2 1066 3984
3 4105
3 2361
5
3 1324
3 835
5
2 2042 3800
3 7024
3 3347
1 5447
1 5597
1 2720
1 2966
1 4851
4 1066 3984
5
5
1 2778
1 1739
4 2042 3800
3 1049
5
1 1601
1 4390
1 6127
2 1600 6127
2 2042 2516
2 3509 3722
2 2516 3652
4 2516 3652
2 2777 3722
2 3126 4390
4 3126 4390
4 2777 3722
1 4098
3 6462
2 2200 5001
3 5597
5
5
4 2042 2516
5
2 444 6893
1 382
3 1600
1 5042
4 2200 5001
5
3 1039
3 382
1 1115
2 2914 5042
5
4 3509 3722
3 790
5
1 592
4 444 6893
3 3722
3 5411
1 6192
3 1115
1 1263
1 4148
5
5
3 5001
3 4390
5
5
3 1601
5
5
1 2431
4 2914 5042
2 2115 4164
4 2115 4164
1 2488
5
1 3836
2 2115 5618
3 3126
3 4164
2 547 4148
5
4 547 4148
1 3830
1 963
2 547 2528
1 5940
5
2 963 4766
5
2 1739 3830
5
3 4664
2 5214 5549
3 3524
1 3497
2 4446 4851
2 2777 5940
2 5940 6579
4 5214 5549
3 6579
4 1739 3830
2 2778 6127
4 963 4766
4 2115 5618
2 1066 4446
3 5549
3 2042
2 565 6127
2 5100 5940
4 1066 4446
3 5447
2 3206 3836
2 2115 5100
3 444
3 1263
2 388 3206
4 3206 3836
5
4 5100 5940
1 4105
1 3578
5
2 592 6192
2 547 3652
2 5042 6893
1 4435
1 1010
3 3497
1 5505
2 2115 4851
5
2 1010 2966
2 2777 2914
2 5526 6192
4 2777 2914
2 2192 4766
3 1010
4 2777 5940
5
1 4883
4 2192 4766
4 2778 6127
5
5
4 4446 4851
4 547 2528
1 1745
4 592 6192
3 1075
3 4851
4 388 3206
2 3206 6751
2 3830 5443
3 6751
5
2 2914 6893
2 2488 7074
4 2115 5100
2 5505 5526
5
1 4370
2 2115 4446
4 2488 7074
2 963 2609
1 2956
3 1953
3 3800
5
4 2914 6893
3 4766
5
2 2966 7074
3 855
4 565 6127
3 1739
3 5214
4 547 3652
4 2966 7074
5
4 3830 5443
2 2488 2966
3 3830
2 2528 5618
5
5
2 2956 3836
1 2625
3 2720
3 3652
4 5042 6893
5
1 6863
1 926
5
4 5526 6192
5
2 3057 3206
5
4 2115 4446
3 2778
4 963 2609
5
5
5
1 2596
1 4761
5
4 2956 3836
1 6793
2 2914 6893
5
4 2488 2966
4 2914 6893
1 3059
4 3057 3206
4 5505 5526
3 6127
3 926
1 3295
1 6070
3 5100
3 3509
2 963 2229
3 2777
5
2 1745 6863
2 547 5526
3 6893
4 547 5526
4 963 2229
1 867
1 158
1 3193
2 2431 4761
1 200
3 592
4 2528 5618
1 2838
4 2431 4761
2 867 2941
4 867 2941
3 4370
5
5
3 4148
1 812
3 3193
1 4606
3 7074
3 2795
3 2609
3 2625
2 2488 5042
2 2596 5940
2 5505 6793
1 990
1 1672
3 5042
5
2 2914 3295
4 2596 5940
1 5039
1 4106
4 5505 6793
1 2344
1 3440
1 3905
4 1745 6863
3 2528
4 2914 3295
5
5
2 2516 5618
2 388 1672
2 2344 2596
4 388 1672
1 366
3 2956
5
3 2516
5
3 2844
3 158
5
5
4 2344 2596
2 4105 6793
3 5039
3 3905
3 2200
1 602
3 3059
2 990 2192
5
3 6192
3 366
2 2914 5940
5
4 2914 5940
1 2543
3 3295
3 5618
2 3578 5526
4 3578 5526
4 4105 6793
5
1 4664
2 4883 6793
3 565
4 990 2192
1 4812
3 4105
3 4106
4 4883 6793
1 3956
2 2344 3836
4 2344 3836
5
2 1066 3836
3 602
4 1066 3836
1 2634
2 4606 6070
3 3984
5
1 6163
2 963 2966
1 5979
5
4 963 2966
4 4606 6070
5
5
2 812 2634
3 5443
3 4883
5
1 364
5
3 6070
1 4320
5
2 1066 5526
5
5
1 5295
2 547 867
1 5642
1 1926
3 5526
4 547 867
4 812 2634
1 61
3 4761
1 3732
2 4664 6163
1 1221
5
5
5
4 4664 6163
1 6336
2 61 4446
2 4098 4812
3 1926
4 61 4446
4 4098 4812
1 2928
3 3057
1 6785
5
1 898
3 388
5
1 2112
1 1657
2 2634 4435
5
2 2914 3206
4 2634 4435
1 5393
3 4435
3 4812
4 2914 3206
5
1 173
5
3 812
2 173 5393
2 5393 6336
4 5393 6336
4 173 5393
1 3575
5
5
3 1672
1 3556
5
3 5979
3 2941
3 3578
3 1066
5
1 2348
5
1 6097
1 5900
5
3 867
1 4400
5
1 7034
2 3956 7034
5
4 3956 7034
2 5642 5900
1 6913
1 114
5
5
2 114 6097
1 3311
3 2914
3 6913
1 6795
5
3 6795
2 2488 6097
1 4367
2 2192 2229
4 114 6097
1 1322
1 1148
5
1 6262
3 6863
1 1374
2 5295 5940
2 2115 5940
4 2115 5940
4 5295 5940
5
1 6586
5
2 2229 2596
5
1 5281
1 1138
4 2488 6097
1 754
4 5642 5900
4 2192 2229
4 2229 2596
5
5
1 2161
1 914
2 2488 2966
5
2 2161 2634
5
4 2488 2966
3 5642
3 5281
5
5
2 200 5393
3 3732
3 4098
5
4 200 5393
1 1200
1 5825
4 2161 2634
1 5683
5
5
3 5683
3 963
2 1745 4400
2 2344 2543
5
3 2431
2 2192 4664
5
2 2192 6793
2 3956 6793
4 2192 6793
2 114 6793
5
1 2086
3 3575
3 114
3 173
1 40
4 2192 4664
5
1 116
5
2 6785 6793
2 40 3311
2 6097 6262
5
1 4419
3 3206
3 5825
2 200 4320
1 764
1 6310
2 1657 4446
5
4 2344 2543
2 1322 3556
5
1 2695
3 4419
1 4228
4 1745 4400
5
2 2112 3836
2 2115 6163
3 4606
2 547 6586
4 547 6586
1 6886
1 955
5
4 40 3311
5
5
3 3440
1 6017
2 547 5393
1 4437
3 200
1 632
4 3956 6793
4 1322 3556
1 4633
4 2112 3836
2 2161 6336
2 955 990
3 6097
1 320
5
1 4321
5
4 2115 6163
5
2 4664 6586
5
3 2161
2 4320 5393
2 2596 4400
5
2 547 1200
2 364 2838
1 6693
3 6017
3 4228
3 1200
4 4320 5393
3 6693
5
2 116 4437
2 754 5295
3 6336
2 2086 5295
4 1657 4446
4 754 5295
3 5505
1 2913
2 2928 6793
2 914 3556
4 116 4437
2 2913 3836
5
5
5
2 632 1148
1 467
3 6785
4 2086 5295
3 6886
2 2695 3556
4 2928 6793
4 2913 3836
1 1106
1 2984
2 40 2086
3 2984
2 2112 2488
4 2596 4400
2 1148 3556
2 2488 4437
5
2 467 5940
4 40 2086
5
4 2695 3556
5
3 2966
3 1148
1 3386
2 61 2086
2 3386 6262
4 2488 4437
3 3956
4 4664 6586
5
3 6262
5
5
4 2112 2488
3 4367
4 61 2086
4 547 5393
1 1516
5
3 764
5
3 61
3 2086
5
3 4321
5
5
5
5
4 955 990
3 4400
3 467
3 2115
3 6310
3 1657
2 914 2112
2 632 2695
1 4396
1 6232
1 4790
5
3 116
2 5295 7034
5
3 3311
4 364 2838
1 5430
5
3 5295
2 914 2344
4 914 2112
1 3551
1 5148
1 2529
3 914
1 4304
1 1772
2 632 1516
2 40 4437
2 320 4437
3 1374
1 1546
4 320 4437
2 364 2529
1 6844
4 632 1516
2 547 1546
5
2 4446 6586
2 754 4664
1 1207
2 1207 4790
3 2838
3 4790
1 4397
4 4446 6586
2 2695 6586
5
1 5825
5
3 2695
3 6163
4 547 1546
1 2949
5
4 40 4437
1 4629
4 754 4664
1 2423
5
5
5
4 364 2529
1 2766
2 1546 2634
5
2 898 1322
5
1 3534
4 1546 2634
4 898 1322
5
2 2423 3551
3 4437
5
2 754 6844
2 632 3556
2 320 4396
3 1106
1 3094
3 2229
2 990 1516
5
2 364 1221
2 1322 4633
5
4 1322 4633
4 990 1516
5
5
5
4 754 6844
2 320 2192
3 4664
1 2615
2 2529 2615
4 320 2192
2 3556 6793
1 2270
4 320 4396
1 7043
5
4 2529 2615
4 364 1221
3 1138
5
2 2634 4396
4 632 3556
3 2488
4 2634 4396
3 3094
1 3663
3 2913
5
4 3556 6793
2 2766 3556
5
5
2 320 4304
1 4010
1 1296
5
5
4 2766 3556
2 898 2192
5
3 3534
1 6620
4 898 2192
2 898 5393
1 3769
1 2914
5
2 2529 5900
2 2348 3386
4 2529 5900
4 2348 3386
4 898 5393
1 5960
1 5878
2 3663 7034
5
3 7043
4 3663 7034
3 2192
5
4 320 4304
5
5
4 2423 3551
2 990 3551
5
5
3 4320
1 669
3 2529
2 547 2112
2 1296 2344
1 5400
3 5878
2 3663 4396
1 6668
3 2270
2 1516 3769
2 3663 4446
3 2348
3 669
3 7034
2 1745 6844
2 990 6844
4 1745 6844
3 6232
4 1516 3769
3 3663
5
5
2 2928 6793
5
2 364 6844
2 40 3556
2 1322 2634
3 5400
4 2928 6793
4 990 6844
3 5940
2 898 6668
3 3551
3 6668
2 1745 6620
2 1296 5960
4 40 3556
3 4396
1 4171
5
4 547 2112
1 4812
3 4446
4 1296 5960
2 320 5430
1 4813
1 249
5
1 1541
2 364 3556
2 1207 1322
4 1207 1322
4 364 3556
2 249 2112
1 5776
1 5875
5
2 5825 5875
4 364 6844
4 320 5430
1 5236
5
4 1745 6620
2 2615 4171
1 3052
4 2615 4171
2 990 1541
3 4010
4 249 2112
3 2949
4 5825 5875
3 2112
3 2634
5
5
2 2423 2766
5
5
5
2 1296 1541
3 1322
2 1207 5430
5
1 2987
3 990
2 1745 6793
3 6586
3 2928
1 5918
2 3836 5825
1 4073
4 2423 2766
2 1772 2766
1 5794
1 2859
5
1 5327
2 2766 6620
1 4855
4 1296 2344
5
2 1296 2987
5
4 3836 5825
4 1745 6793
2 3386 5960
4 1207 5430
3 2596
4 2766 6620
3 1772
1 5371
2 364 5900
5
4 1296 2987
4 1296 1541
5
4 3386 5960
4 364 5900
2 1207 4073
5
5
4 1207 4073
2 1221 4633
1 3801
5
1 4697
2 4304 5875
4 1221 4633
3 1207
3 5918
5
1 5490
4 4304 5875
5
3 754
3 5875
3 4855
3 4629
3 5776
5
3 2423
5
2 2615 5371
3 1221
3 5794
3 2987
2 2344 5148
5
3 364
4 2615 5371
2 2344 4812
3 4697
2 1541 5236
2 547 5430
4 2344 5148
5
4 2344 4812
2 547 4304
5
1 5688
2 40 5327
2 1546 5236
3 5688
1 1028
3 4304
5
1 247
4 547 5430
5
3 955
5
2 40 1296
3 5148
4 1546 5236
4 1541 5236
3 547
3 3836
2 247 2543
4 40 5327
1 1486
2 4633 5236
3 5825
2 898 2543
1 2696
4 40 1296
4 4633 5236
5
5
3 2344
3 4171
2 247 6793
1 6393
2 249 898
5
5
5
4 249 898
1 2035
5
2 249 5393
3 5393
4 247 2543
4 898 2543
4 247 6793
3 2766
2 247 1745
3 5236
3 1541
2 6793 6844
4 6793 6844
5
3 4813
3 6393
5
2 2696 3556
3 249
5
1 4037
3 2859
4 2696 3556
3 6620
4 247 1745
5
1 4751
1 1606
1 3350
1 1063
3 5960
2 1606 3350
1 2957
5
5
2 1606 3386
5
2 5371 6844
4 1606 3386
1 4162
1 6909
1 1416
4 1606 3350
1 4905
4 5371 6844
1 1813
5
1 2854
2 1606 3386
5
1 6933
1 1026
3 5327
3 3350
4 1606 3386
2 3052 5371
4 3052 5371
2 2696 4751
2 2615 3801
4 2696 4751
5
4 2615 3801
3 1296
1 2992
2 247 5900
4 247 5900
1 4708
5
5
3 247
1 3
2 1026 4162
2 1606 4905
3 1028
4 1606 4905
5
2 1546 4708
4 1546 4708
3 2914
1 4759
1 5766
2 2543 3052
2 2854 4812
5
3 3386
5
1 3410
3 632
1 1708
2 6793 6933
4 6793 6933
2 3801 5490
3 4759
3 4812
1 2636
1 2198
4 1026 4162
3 2957
1 416
5
3 2636
2 1708 3410
5
1 223
5
3 3052
1 2916
2 2615 4633
1 3350
2 1416 2198
4 1416 2198
4 2615 4633
1 7010
1 5813
1 5446
1 479
4 1708 3410
4 3801 5490
5
3 1026
5
2 479 1708
5
4 479 1708
3 3
1 6469
2 40 3801
3 479
2 1546 4397
1 1447
3 2696
3 1708
4 1546 4397
5
1 2584
2 1447 1516
4 1447 1516
5
3 1516
3 4633
2 40 6933
4 40 3801
1 84
3 4708
2 1447 6793
5
2 2992 4397
4 40 6933
4 1447 6793
2 1546 6933
4 1546 6933
2 2615 6844
1 4583
1 2791
3 40
5
5
2 416 3350
5
3 4583
1 733
2 733 4073
2 1416 1546
5
3 4905
3 733
2 223 5766
1 4819
2 320 2992
1 2697
2 1447 1486
4 2992 4397
3 4162
5
1 703
4 320 2992
5
1 6931
4 416 3350
3 703
3 5900
1 4107
4 1416 1546
3 1486
4 223 5766
1 2227
1 1850
4 2615 6844
1 7071
3 84
2 2697 6793
2 320 2584
3 6909
4 320 2584
1 6513
4 2697 6793
5
1 3702
2 2227 4107
2 1850 2854
1 2626
5
1 2193
3 320
3 1416
3 6931
2 2697 2791
5
4 1850 2854
5
3 2697
5
5
4 2227 4107
2 1745 2193
2 1745 5446
1 4673
5
2 3350 4819
3 1813
5
2 2198 3556
2 1745 1850
3 2584
2 1063 4073
4 2198 3556
1 5672
2 3410 3769
5
4 3410 3769
5
3 2854
2 2227 6469
4 2227 6469
5
3 1447
1 2635
4 1745 1850
4 1745 2193
1 3465
1 3706
1 5121
1 4947
2 2992 4819
5
2 1546 7071
3 3702
2 1546 2615
2 2227 5446
1 1638
1 1806
5
2 3769 6469
2 1606 3556
1 485
5
1 5480
2 2227 4037
5
3 4397
5
1 2411
5
2 4037 4107
4 1546 2615
2 3801 5766
3 3465
5
5
2 2992 5371
4 3350 4819
3 1850
3 2791
1 641
5
2 1606 2411
2 2626 6469
3 3769
3 4107
5
4 2992 4819
3 5672
5
4 2227 5446
4 1606 3556
4 1063 4073
3 3410
3 2543
1 1837
1 3126
5
5
4 1546 7071
1 1924
4 2227 4037
4 2992 5371
5
4 2626 6469
2 4947 5813
1 3261
2 2035 4037
2 2635 6469
3 1806
2 1546 2411
4 2035 4037
4 4947 5813
4 3801 5766
3 1924
4 1745 5446
1 4061
4 1546 2411
1 431
3 5490
1 1274
1 798
4 1606 2411
2 4673 6844
3 5446
5
1 6096
3 7010
4 2635 6469
5
3 1837
5
3 2635
2 3126 6793
4 3126 6793
1 2849
3 2626
5
4 4673 6844
2 3801 5480
1 6454
1 7041
3 4061
5
3 6469
3 6454
5
3 1606
5
4 3801 5480
5
1 1375
5
1 2055
2 3706 4037
4 3706 4037
2 1546 3261
2 5371 6844
1 4452
1 283
1 2589
2 223 1638
1 1602
1 6482
4 1546 3261
1 4046
3 4452
4 223 1638
2 1375 2055
3 416
4 1375 2055
3 5121
1 2479
4 5371 6844
2 1274 2992
4 1274 2992
3 6513
5
1 3373
5
3 5371
3 431
1 4344
5
2 1546 2193
5
2 2035 5430
4 2035 5430
3 1638
3 2615
5
3 3706
1 1695
3 3350
1 2324
3 2227
4 1546 2193
2 1063 1546
4 1063 1546
3 283
2 898 2992
1 2506
5
3 2589
4 898 2992
1 3362
5
5
1 5743
3 4751
5
2 2324 4673
1 1090
1 786
3 641
2 1274 1375
4 2324 4673
1 5277
4 1274 1375
1 1359
1 4366
3 6933
1 6235
3 4673
5
3 5480
1 1830
2 2055 4344
4 2055 4344
5
1 5594
3 4947
5
3 2198
5
5
3 2992
1 558
5
1 3875
1 3954
2 558 2035
3 3801
5
1 3770
5
4 558 2035
5
1 4172
5
3 5766
5
1 4156
5
3 1745
2 1375 4046
1 5091
5
3 4344
1 4765
5
4 1375 4046
2 1546 6235
4 1546 6235
5
5
3 7041
5
5
3 2479
5
1 7096
2 3261 4156
1 4845
5
5
4 3261 4156
5
3 4366
5
2 4037 5277
4 4037 5277
3 786
1 1264
2 1274 4819
4 1274 4819
2 485 7096
1 6254
1 6113
1 4950
3 558
5
3 3373
3 3261
3 6844
5
3 2506
5
1 6599
4 485 7096
2 2055 4046
3 4950
4 2055 4046
2 2849 3556
4 2849 3556
1 2470
3 5594
5
1 665
2 798 4046
4 798 4046
1 5521
3 6235
3 4172
1 4843
5
1 23
5
1 5450
5
3 4765
5
1 3201
2 23 5743
2 1090 4156
1 375
2 1274 4156
2 2849 4156
3 485
4 1274 4156
4 23 5743
2 1375 5430
3 4845
2 1264 2916
2 2411 3126
2 2324 7071
1 6371
3 6254
2 2324 5277
1 6208
3 6113
3 6371
5
4 1090 4156
2 23 2324
4 23 2324
5
2 798 1375
2 1359 4819
1 3558
2 3556 3875
1 5685
2 5430 6208
3 1359
2 1063 5450
4 1264 2916
3 2916
5
5
3 1063
1 855
3 3875
1 5205
2 2035 3556
3 6599
5
5
3 5685
5
1 3343
3 3556
3 1264
5
3 4046
4 798 1375
3 3126
2 2324 4819
5
4 2324 4819
4 5430 6208
1 3126
3 1602
3 5813
4 1375 5430
3 6096
4 2849 4156
1 1189
1 7051
4 2324 7071
3 5430
4 2324 5277
3 5277
5
2 6793 7071
3 375
5
4 6793 7071
1 5425
3 7096
2 3954 6208
1 4841
1 5557
1 175
1 3109
3 175
5
4 3954 6208
3 6482
2 3558 4841
2 798 3770
2 2055 5743
1 277
1 2994
2 3201 5557
3 2994
3 898
1 2592
4 798 3770
3 2035
4 3201 5557
3 7071
4 2055 5743
1 6728
4 3558 4841
2 223 7051
3 1830
3 2055
4 223 7051
3 1090
1 1078
1 2645
3 6728
3 4037
3 3558
1 493
3 5521
3 5425
1 345
5
2 3126 6793
4 3126 6793
5
2 493 2849
5
3 7051
2 3770 4156
4 3770 4156
3 4841
5
5
4 493 2849
3 2324
3 4843
1 4256
5
3 2193
1 5478
2 1078 4073
2 345 665
2 23 5205
3 4156
1 6538
4 1078 4073
2 1546 4073
3 5743
5
2 2470 6793
5
4 2470 6793
5
3 5450
2 2645 4819
5
3 277
3 4073
1 425
3 345
3 3770
2 3362 5478
5
1 5991
1 916
5
2 1546 5091
1 5906
2 3343 5205
5
1 6170
3 1274
4 1546 5091
4 23 5205
2 23 3954
5
3 2411
2 2592 4256
3 4819
4 2592 4256
5
1 3968
5
2 665 1189
4 665 1189
2 2645 2849
1 1630
2 493 6793
3 223
2 2849 5906
4 3362 5478
5
2 665 5991
4 3343 5205
5
5
2 916 3343
4 2849 5906
1 1489
3 5557
3 3343
1 6626
1 204
4 23 3954
3 798
5
4 493 6793
1 3905
5
5
1 4417
1 2944
5
5
3 3126
5
4 665 5991
3 665
5
5
2 5991 6538
3 4256
3 3362
2 3905 5091
4 2645 2849
1 1082
1 5936
2 23 204
1 4727
5
2 23 1375
1 1884
5
1 924
3 6208
4 5991 6538
4 23 1375
1 5592
1 3964
3 924
5
3 3954
5
3 3968
1 1842
1 3193
5
5
5
4 23 204
5
4 3905 5091
1 6507
5
3 6170
2 1189 1630
4 1189 1630
2 204 5592
1 5226
2 23 1695
5
2 3905 5091
5
4 3905 5091
2 5936 6507
4 5936 6507
5
2 2645 2849
3 5906
5
3 3964
1 4740
5
2 3109 6626
5
2 3905 5205
4 3109 6626
4 204 5592
4 3905 5205
5
5
1 1593
4 23 1695
3 204
3 1375
5
3 1078
3 493
1 4957
2 2470 5091
3 23
2 916 1695
1 925
2 5226 6626
2 4957 5936
5
3 1489
4 4957 5936
5
5
2 3193 6626
1 996
4 2645 2849
4 2470 5091
5
3 855
3 2944
4 916 1695
1 5593
3 2592
3 6793
4 5226 6626
5
1 1047
1 1301
2 3193 5592
5
1 3437
3 5226
3 3201
2 5205 5478
1 4636
5
4 3193 5592
3 5991
2 1842 6538
5
1 183
4 1842 6538
3 2645
2 4957 5936
5
2 183 3437
5
4 183 3437
4 4957 5936
1 2840
5
2 183 1593
5
3 3905
5
4 5205 5478
2 1593 4636
3 183
4 3193 6626
1 3903
5
5
3 2470
1 4179
4 1593 4636
5
5
3 3109
2 1047 1695
3 1630
1 1655
3 6626
4 1047 1695
5
5
2 425 3903
2 1047 1884
5
4 1047 1884
1 3040
5
3 1655
3 996
5
5
5
1 3150
3 1082
1 3213
2 425 4740
4 425 3903
2 1884 5478
1 4766
2 4179 4727
1 2935
3 5205
3 925
1 6708
2 3903 4417
2 1301 4636
1 1528
3 5478
3 3437
1 6444
5
4 4179 4727
5
5
4 425 4740
2 3193 5936
5
3 4636
2 1528 6538
2 4766 4957
4 3903 4417
5
1 2103
3 4957
3 3150
3 1301
4 1528 6538
1 3457
5
4 3193 5936
5
1 4791
2 6507 6708
5
5
3 4727
4 6507 6708
2 1189 1593
5
3 5936
2 3193 3457
2 1593 5091
4 3193 3457
4 1593 5091
1 6471
3 1695
5
5
2 4179 5593
4 4179 5593
1 2244
2 425 5592
4 425 5592
1 6721
5
5
1 3044
1 2347
3 4740
1 3151
4 1189 1593
5
5
1 4920
5
2 1047 3193
3 2840
5
4 1047 3193
2 916 3193
3 1593
1 2779
3 4920
3 5593
5
1 5041
5
1 2125
1 1098
1 1373
5
2 5041 6538
1 1585
4 916 3193
3 4179
4 5041 6538
1 3666
2 1842 1884
3 4766
5
5
5
5
5
4 1842 1884
3 2125
1 5946
2 3213 6721
1 6934
1 2906
2 916 1189
1 1402
1 6695
5
3 3044
3 916
2 1585 6538
2 2779 6934
2 1546 3040
2 1585 2244
2 1884 6721
5
3 6507
1 5126
5
1 1466
2 1402 6444
4 1546 3040
3 1373
5
1 468
2 1466 5946
4 1884 6721
1 195
2 2849 3040
2 425 6471
5
4 2779 6934
2 1884 3151
5
5
1 4677
1 6873
2 3213 4791
5
1 3749
3 5091
5
5
1 2147
5
5
3 1528
5
1 2673
3 3903
3 3193
2 425 3666
3 1098
2 1884 4677
3 2147
2 2347 3749
4 425 6471
1 4455
1 3889
1 3784
3 6721
4 2849 3040
5
1 622
3 2103
2 2935 6873
2 622 3749
2 3457 5126
4 3457 5126
1 621
4 1466 5946
2 195 2935
3 2849
2 468 6934
2 1466 3213
5
4 468 6934
2 3889 6873
4 1884 4677
4 2347 3749
1 1537
2 1466 2347
5
1 5285
1 3007
1 1425
4 3889 6873
1 6380
1 1702
2 468 3889
4 1585 2244
4 1402 6444
2 468 2347
4 1884 3151
4 425 3666
1 6445
4 1466 2347
4 468 3889
3 2906
1 3159
2 4455 4677
2 2244 3159
3 6708
4 468 2347
5
1 5385
3 5285
2 1702 3159
4 1466 3213
4 195 2935
5
5
5
5
1 6422
5
2 2935 6695
1 1452
3 1425
1 6563
5
5
4 2244 3159
4 4455 4677
3 3457
2 2673 3151
4 2673 3151
3 6538
5
2 1546 5385
1 2646
3 2935
4 1546 5385
4 3213 4791
4 622 3749
5
2 2646 6422
5
4 1702 3159
3 2673
4 2646 6422
3 195
5
5
5
2 1402 3784
1 3871
3 1702
1 3451
1 6620
1 5436
4 1402 3784
1 1302
3 1537
5
3 5041
3 5946
1 3176
3 4417
1 6842
5
2 3451 3871
1 5013
4 3451 3871
5
5
3 6934
5
5
3 3451
5
2 3151 3889
4 3151 3889
5
3 1585
2 4455 6563
5
5
5
1 5878
2 3889 5013
4 4455 6563
1 2117
4 3889 5013
5
3 622
5
2 4455 6842
5
4 4455 6842
3 1402
2 6422 6873
3 6380
2 3889 5592
3 621
4 3889 5592
3 6445
1 6481
3 1452
5
3 2347
5
2 3889 6695
2 3151 3889
5
3 1546
3 3007
2 1302 4677
2 1466 3151
4 3151 3889
2 1302 3213
1 3412
3 5385
3 5013
5
2 2779 3412
5
4 1466 3151
5
5
2 3784 5126
1 257
2 1466 5878
4 3784 5126
4 3889 6695
5
5
1 3362
5
2 3159 5436
5
2 6422 6695
1 3113
1 1741
3 1842
2 468 6620
5
1 717
1 6829
3 3151
4 468 6620
1 2582
3 2244
3 6481
1 1004
3 6444
2 1047 4677
5
3 717
1 400
4 1466 5878
1 6125
5
2 2582 3412
4 1302 3213
2 3871 6873
4 1047 4677
5
5
3 6422
2 3784 5878
1 252
2 468 3159
3 6471
4 1302 4677
3 3871
2 400 3213
2 1466 3213
4 3159 5436
5
5
2 1047 6620
3 4677
3 4791
3 2582
5
5
1 1730
2 3412 5592
5
3 2646
3 5436
