9854
1 1060
1 615
5
1 2723
3 615
1 3523
2 1060 2723
2 2723 3523
2 1060 3523
1 115
1 3724
5
3 1060
3 3523
5
1 4293
5
1 523
2 523 2723
2 115 3724
1 815
5
2 3724 4293
3 3724
1 1843
4 523 2723
1 802
5
1 3748
1 2496
2 2723 3748
5
4 2723 3748
5
2 523 1843
3 1843
5
3 802
1 3282
3 3282
3 4293
1 1066
5
1 3985
5
1 809
1 740
3 740
3 2723
1 1418
1 4278
1 3787
2 115 3787
2 115 3985
4 115 3985
2 2496 3787
1 3824
1 2804
5
3 809
2 523 3985
2 523 4278
2 115 523
5
1 3778
2 1066 3778
1 4038
4 523 3985
4 115 3787
5
5
5
5
3 523
3 2804
3 3787
4 1066 3778
5
5
5
2 1066 4278
1 4191
3 3778
4 1066 4278
3 2496
5
3 3824
5
1 3157
5
2 3748 3985
3 115
5
2 3157 3985
4 3748 3985
4 3157 3985
3 4038
1 3956
5
3 4191
3 3157
2 1418 3956
5
4 1418 3956
1 690
5
1 3421
3 3985
1 910
5
5
3 3421
2 1066 3748
2 690 3748
2 3748 4278
5
3 4278
1 2880
4 1066 3748
3 690
3 3956
5
3 910
3 1418
1 3350
1 2488
5
2 2488 3748
4 2488 3748
3 2488
2 2880 3748
4 2880 3748
1 3892
5
3 2880
5
2 3350 3892
5
4 3350 3892
5
3 1066
5
2 815 3350
1 4097
4 815 3350
2 3748 4097
1 3786
1 3940
2 3350 4097
2 3350 3892
5
3 3350
1 2907
5
1 1828
5
5
2 1828 3786
2 1828 3748
1 2338
2 2338 3786
3 4097
1 2411
1 880
3 2907
4 1828 3748
4 2338 3786
3 2338
3 880
5
1 3012
5
4 1828 3786
5
1 531
3 3748
2 815 2411
3 3892
1 3711
3 1828
2 3786 3940
4 3786 3940
4 815 2411
2 3012 3786
3 3786
2 3711 3940
4 3711 3940
5
1 3150
1 287
3 287
1 1894
3 2411
1 2576
2 815 3711
5
4 815 3711
3 2576
5
2 531 3012
5
5
5
1 2502
4 531 3012
2 2502 3940
4 2502 3940
1 321
3 3940
1 535
3 321
2 535 2502
3 535
3 3150
3 3012
5
5
1 776
2 531 2502
4 531 2502
5
2 531 815
1 486
1 1216
5
4 531 815
2 776 1894
5
5
4 776 1894
5
5
3 486
5
3 1894
1 1779
3 815
3 3711
5
1 4332
5
5
1 4148
2 531 1779
2 531 1216
2 531 2502
5
3 776
4 531 1779
3 1216
5
1 2015
2 2015 2502
1 500
5
5
2 1779 4148
3 2015
4 531 2502
5
3 4332
3 2502
5
5
5
5
4 1779 4148
2 531 1779
1 2787
5
2 2787 4148
5
5
3 531
2 500 2787
4 2787 4148
4 500 2787
3 4148
1 3672
2 1779 2787
2 2787 3672
5
1 837
1 3845
5
4 2787 3672
5
5
1 3675
2 3672 3675
1 782
4 3672 3675
2 782 3675
2 1779 3845
1 2646
2 2787 3672
3 3675
3 3845
2 2646 3672
1 370
5
1 4072
3 782
2 370 4072
3 1779
1 848
2 500 2646
1 3387
3 370
4 500 2646
2 837 3672
1 2425
1 1437
2 3672 4072
4 2646 3672
1 1890
1 1552
1 1263
1 2707
2 837 1890
5
4 3672 4072
1 1152
5
3 4072
5
3 500
1 4121
1 1409
2 1552 3672
3 1552
3 2425
5
1 2151
3 2151
2 1263 4121
2 1890 2787
4 837 1890
2 848 1263
4 837 3672
4 848 1263
2 3387 4121
5
2 2707 3387
5
4 3387 4121
1 3744
4 1890 2787
5
5
1 2225
1 3615
5
4 1263 4121
1 3118
2 837 3387
4 2707 3387
2 1152 1409
3 4121
4 2787 3672
3 3744
4 837 3387
5
3 3672
2 1409 2646
1 3115
5
1 1181
2 2646 3115
5
5
3 1409
2 848 2646
1 3597
5
4 848 2646
5
2 3115 3387
4 3115 3387
5
2 837 2225
5
2 848 3118
1 2940
3 837
1 847
4 2646 3115
4 848 3118
1 907
3 848
2 2787 3118
4 2787 3118
3 3597
3 2787
3 1181
5
2 907 3387
1 3110
1 1283
1 4142
4 907 3387
2 847 1890
1 2748
4 847 1890
2 2225 3110
1 3749
3 907
5
3 2225
3 3615
5
5
5
2 2707 4142
3 3115
2 1283 3749
4 2707 4142
3 1152
3 3110
1 2271
5
3 1437
3 2646
4 1283 3749
1 413
3 2271
2 413 3118
4 413 3118
2 1283 3749
2 413 847
5
5
4 413 847
3 413
2 1263 1890
2 2707 3387
1 548
1 3409
3 3118
3 3409
5
5
3 2707
3 1283
4 1263 1890
2 847 1890
3 3387
3 1890
3 4142
2 1263 3749
5
5
1 4374
1 3987
4 1263 3749
3 3987
2 548 2748
2 548 847
4 548 847
5
2 3749 4374
2 1263 2748
3 2748
5
5
4 3749 4374
3 2940
5
2 548 847
5
2 3749 4374
2 847 1263
2 1263 4374
3 4374
1 1039
1 1967
5
2 847 3749
4 847 3749
2 548 1967
5
1 321
4 548 847
2 548 1263
1 27
4 548 1263
3 847
3 3749
3 1039
5
5
1 1593
5
3 1967
5
2 548 1593
1 4095
4 548 1593
1 3418
2 321 3418
4 321 3418
3 548
5
1 1320
1 604
1 1726
2 1726 3418
1 1235
4 1726 3418
5
1 4350
2 604 1320
5
1 3672
3 27
3 1593
3 1320
1 3307
2 3672 4350
1 683
1 1625
4 3672 4350
3 604
1 1276
5
5
2 683 1235
1 2589
4 683 1235
1 1878
1 947
5
3 1625
5
5
3 321
3 4095
3 683
2 1878 3307
5
4 1878 3307
1 2943
3 3672
1 850
2 3307 4350
4 3307 4350
3 2943
1 3886
2 947 2589
4 947 2589
3 4350
5
1 4188
5
5
3 3307
3 1878
1 2017
5
1 3172
5
2 850 3886
5
4 850 3886
5
2 1235 3418
3 3172
1 4254
4 1235 3418
5
1 1530
3 2017
3 3886
1 804
1 4144
2 804 4188
5
2 1726 4144
5
5
4 804 4188
1 3929
5
2 947 1530
5
1 200
4 1726 4144
5
3 3418
4 947 1530
1 1588
2 1530 1726
2 2589 3929
4 2589 3929
1 1483
2 850 1235
2 1588 1726
2 1483 1530
4 1530 1726
2 1235 1276
1 2927
2 1483 4188
4 1235 1276
1 1309
2 1309 1530
1 325
4 1483 4188
4 1483 1530
5
2 325 2589
2 325 1588
2 804 4188
3 1309
1 713
5
2 200 1588
1 563
4 850 1235
3 4254
3 563
3 2589
5
5
5
5
3 804
1 920
2 850 1235
3 3929
5
2 713 850
4 325 1588
2 947 1726
3 850
2 1263 1276
4 200 1588
1 3994
2 1483 4144
2 200 1530
2 1483 1588
5
1 3062
5
1 3494
1 3093
5
3 1263
3 947
1 909
4 200 1530
3 1235
3 713
3 4144
2 1530 2927
5
4 1588 1726
3 3062
2 1588 2927
1 484
2 909 1276
3 909
2 325 3494
1 2107
1 125
3 3494
2 325 920
1 4005
3 200
1 789
1 3125
3 484
4 1530 2927
5
1 760
2 125 2927
2 1726 3994
3 125
5
1 1845
5
4 1726 3994
2 789 1588
4 1483 1588
1 636
4 789 1588
1 2380
4 1588 2927
3 4005
3 3994
1 266
5
5
3 1530
1 2491
5
3 325
2 266 2107
5
4 266 2107
1 2870
3 2380
5
3 1726
5
3 1588
3 1483
2 636 3125
2 1845 2107
5
1 708
2 2927 3125
1 3891
3 3125
5
5
2 920 1845
5
3 2927
4 920 1845
1 1795
1 2378
2 1276 2107
5
1 3870
3 3870
3 2378
2 760 789
1 2256
4 1845 2107
4 760 789
4 1276 2107
5
5
1 813
3 1276
2 636 920
5
2 920 1845
3 2256
1 3807
3 1845
3 4188
3 2491
4 636 920
2 636 1795
5
1 1000
5
5
3 1795
1 1839
3 1839
2 1000 3891
2 1000 2107
4 1000 3891
2 708 789
1 731
4 708 789
5
3 3891
5
2 266 789
3 760
2 636 3807
2 636 3093
2 731 3807
1 2658
2 2658 3093
2 920 2870
2 789 2658
4 2658 3093
4 266 789
5
4 731 3807
5
1 1903
2 2107 3807
2 1000 2658
3 3093
5
4 2107 3807
3 3807
2 813 2107
2 731 1903
1 853
1 788
4 1000 2658
4 1000 2107
3 266
2 636 708
3 789
4 920 2870
3 2107
3 731
1 3149
4 636 708
1 1095
2 920 2870
2 813 853
2 788 2658
2 853 920
5
2 2658 2870
5
4 2658 2870
3 2870
2 636 788
2 708 1903
2 708 788
5
1 4305
4 708 1903
5
4 636 788
5
3 853
4 788 2658
3 3149
1 214
4 708 788
5
3 1000
2 636 2658
1 329
4 636 2658
3 2658
2 708 788
4 708 788
3 788
3 1903
5
5
2 708 813
2 329 636
2 920 1095
2 1095 4305
2 329 708
5
4 329 708
3 329
5
4 1095 4305
2 813 920
3 920
3 708
3 4305
1 2454
1 2654
5
5
1 2741
2 214 2741
3 2454
2 214 813
1 2861
3 214
1 2902
5
2 636 2654
1 3579
3 1095
3 636
3 2902
5
5
2 2741 2861
1 1316
2 1316 3579
2 813 2861
5
4 1316 3579
1 2918
3 2918
5
1 1895
4 2741 2861
4 813 2861
1 1786
5
3 1786
1 1633
1 1429
1 952
1 3209
2 813 1316
3 1895
3 3209
1 3270
1 1109
3 2654
5
1 96
3 813
3 1633
5
5
5
1 1892
5
5
3 3270
2 1892 3579
2 96 2741
3 1316
3 1109
5
5
4 96 2741
4 1892 3579
5
2 1892 2741
2 1429 3579
1 667
5
2 667 3579
2 667 1429
4 1429 3579
3 2741
4 667 3579
1 912
1 2780
3 3579
2 1429 2861
4 667 1429
3 96
3 1892
5
3 2780
2 952 1429
5
3 912
3 952
3 2861
3 1429
3 667
5
5
5
5
1 4128
5
5
3 4128
1 4011
1 2934
5
2 2934 4011
5
1 1675
5
3 1675
1 3666
2 3666 4011
4 3666 4011
3 2934
1 1939
1 2202
3 3666
5
1 1966
3 1939
2 2202 4011
4 2202 4011
3 2202
5
3 1966
5
1 810
3 810
5
5
5
3 4011
5
5
5
1 3453
1 1472
5
3 1472
3 3453
1 3733
1 1930
3 3733
1 1695
3 1695
5
1 2128
5
5
1 4314
5
5
5
2 1930 4314
1 139
1 483
5
1 1408
5
3 483
4 1930 4314
3 1408
2 2128 4314
1 1010
5
4 2128 4314
3 1010
3 4314
2 1930 2128
3 139
3 2128
1 3604
5
2 1930 3604
5
3 1930
1 2388
1 2857
1 3799
3 3799
3 2388
5
5
5
2 2857 3604
1 2703
1 4337
1 2608
2 2608 4337
1 1353
2 1353 2703
5
5
4 2857 3604
5
2 2857 4337
1 2783
2 2783 2857
3 2783
3 2608
3 3604
1 3213
2 2703 3213
1 4364
3 3213
2 2857 4364
5
3 4364
3 2703
5
1 2759
4 2857 4337
2 1353 4337
4 1353 4337
2 2857 4337
4 2857 4337
2 2759 2857
3 1353
5
2 2759 4337
3 4337
1 1792
2 1792 2759
3 1792
4 2759 2857
1 1522
5
1 1888
1 3858
3 1522
2 1888 3858
5
5
4 1888 3858
1 4281
5
2 1888 2857
2 2759 4281
2 2857 4281
1 3704
2 2857 3858
4 1888 2857
1 3519
4 2857 3858
5
5
4 2857 4281
2 1888 3519
1 3071
2 2857 4281
2 2759 2857
2 3704 3858
2 3071 3519
3 3071
4 1888 3519
4 2759 2857
1 3173
4 3704 3858
5
4 2857 4281
3 2759
5
5
5
2 1888 3519
1 388
1 1518
2 3519 3704
2 1518 1888
2 2857 4281
5
5
2 388 3704
1 3836
5
1 1325
4 3519 3704
2 1325 2857
1 4353
2 388 3836
2 3704 3858
1 1280
4 1518 1888
3 4281
4 388 3836
1 901
3 1280
5
4 388 3704
2 3519 3836
4 1888 3519
2 901 1325
2 1325 1888
2 1518 2857
3 388
2 1888 3858
2 1325 3173
1 3682
3 3836
3 901
4 1888 3858
1 2759
5
5
1 718
1 7
4 1325 1888
2 718 3173
4 1518 2857
2 2759 2857
3 1325
5
4 2759 2857
3 7
4 718 3173
5
4 3704 3858
1 1357
5
1 3540
2 718 3540
2 3540 3682
5
5
5
5
4 718 3540
3 3858
3 718
1 688
5
2 1888 3704
2 3540 4353
5
4 1888 3704
3 3682
1 1056
4 3540 4353
5
5
5
1 4241
1 1183
1 5
1 1752
5
5
1 775
5
2 2759 3540
3 1056
2 1183 3173
1 2283
3 1752
2 775 3704
5
3 1518
4 2759 3540
4 775 3704
1 652
1 2360
5
5
3 1888
1 3846
1 3468
5
2 688 3540
2 1183 4241
5
4 1183 4241
5
1 3752
3 2360
1 2867
1 1547
3 3704
1 1610
1 4170
2 3540 4241
2 3519 3752
3 4170
4 688 3540
1 2904
5
4 3519 3752
2 688 3540
2 2759 4353
4 2759 4353
5
3 2904
1 1240
1 1887
1 3323
1 2838
3 2838
5
4 3540 4241
4 688 3540
1 625
2 1357 3752
4 1357 3752
1 3696
3 4241
2 2867 3846
3 3173
1 4377
3 2867
2 1610 2857
2 688 1610
4 688 1610
3 3519
1 418
2 775 3323
5
4 1610 2857
2 1887 3323
1 3146
3 3323
1 3053
5
3 418
2 3752 3846
2 5 775
2 652 2759
2 652 3468
5
2 775 1610
3 625
3 1547
2 688 2283
2 775 3540
1 3361
2 2857 4377
1 3592
3 1357
1 1754
3 2759
1 4088
2 3053 3592
1 2982
3 3592
1 1110
3 2857
5
5
4 775 1610
3 4353
5
5
5
3 3846
2 5 2283
4 5 2283
2 688 775
1 1666
3 4377
3 3752
2 2982 3696
4 688 775
5
5
1 595
2 652 775
4 2982 3696
4 5 775
1 4087
5
4 652 3468
3 3146
1 808
4 652 775
1 2712
5
3 595
3 2982
4 775 3540
2 1887 4088
3 1666
1 2095
4 688 2283
5
2 2712 3468
1 1638
3 1240
4 1887 4088
3 3540
3 1183
1 3990
1 3932
2 1638 2095
5
1 2601
3 3468
5
5
3 3361
1 3421
2 808 1754
4 808 1754
2 808 2095
5
2 1638 3990
1 3244
1 1987
3 775
4 1638 3990
2 1110 3932
4 1638 2095
3 3932
5
1 1637
2 808 1754
4 808 1754
5
2 3244 3990
1 3687
5
5
5
3 2283
2 1637 3687
5
4 3244 3990
2 652 1610
5
5
4 1637 3687
3 3421
5
2 652 3696
3 1110
1 263
3 2095
2 1637 1638
5
2 263 3053
1 2159
1 2045
4 652 3696
1 3705
2 263 1754
2 3053 3696
4 263 1754
3 3244
1 4116
4 1637 1638
1 3419
2 1887 3419
3 2601
4 3053 3696
2 5 1987
3 652
4 263 3053
4 5 1987
5
4 1887 3419
1 2669
3 808
2 2045 2712
3 4087
1 1021
3 3053
5
3 2712
2 2669 3990
5
3 3990
3 2669
2 688 1638
2 1754 2045
2 1610 2045
4 1754 2045
2 1754 1887
3 1637
4 1610 2045
3 3705
2 1887 3687
4 1754 1887
3 1610
4 688 1638
3 4116
5
5
4 1887 3687
1 3773
2 1638 3687
5
1 2763
4 1638 3687
3 1987
3 2045
1 3926
1 3094
5
5
5
3 3926
3 1021
1 2728
2 5 688
4 5 688
5
3 3687
2 263 1887
3 5
2 263 688
4 263 688
4 263 1887
3 1754
5
5
3 263
3 4088
5
5
3 3094
3 1887
3 2728
5
5
1 2858
3 3773
1 3562
1 4345
1 3362
3 2159
3 2858
1 1276
5
2 3362 3419
1 795
1 513
1 4220
1 2445
2 688 795
4 688 795
4 3362 3419
5
1 2014
3 4220
2 3562 4345
3 2445
3 3419
1 2357
5
1 3755
3 3696
3 2763
3 4345
1 2324
5
5
1 1800
1 2823
1 2719
1 4283
3 1638
1 2370
2 2370 3562
1 1462
5
3 2370
5
3 2324
5
3 3562
5
5
3 2357
2 1276 1800
5
5
3 2719
2 1462 3362
4 1462 3362
4 1276 1800
5
2 2014 2823
5
4 2014 2823
3 1800
2 1276 1462
2 513 688
3 2014
4 1276 1462
5
3 513
2 688 3755
4 688 3755
5
5
1 1866
1 1824
3 1824
3 4283
3 1276
3 1866
5
1 2334
3 2823
5
5
5
5
2 2334 3755
5
4 2334 3755
3 3755
3 1462
5
3 795
5
5
1 3587
3 688
3 3587
3 2334
1 1750
3 1750
5
1 4012
5
1 1979
2 1979 4012
2 1979 3362
5
2 3362 4012
4 1979 3362
3 3362
5
4 1979 4012
5
3 1979
5
3 4012
1 2922
1 1051
1 1510
1 223
1 3782
1 2088
3 2922
3 223
1 3890
2 1051 3782
2 1051 1510
3 2088
4 1051 3782
4 1051 1510
2 1051 3890
1 462
2 462 1510
1 2326
3 1510
3 2326
4 1051 3890
2 462 3782
1 306
2 306 462
1 159
1 413
2 462 3890
4 462 3782
2 159 306
1 448
4 306 462
1 644
3 413
1 2075
1 1233
5
1 399
3 448
1 1145
1 2217
4 462 3890
4 159 306
2 644 2075
5
2 399 1051
3 1233
3 1145
1 3559
3 644
3 3559
5
5
3 3890
1 1499
3 462
3 3782
4 399 1051
1 1048
1 2361
3 159
1 1072
5
5
2 306 1048
3 1072
4 306 1048
2 1051 2075
4 1051 2075
3 1499
3 2075
5
3 2361
3 1048
5
3 399
5
2 306 2217
1 1657
5
3 306
3 1051
5
2 1657 2217
1 1856
2 1657 1856
3 1856
1 2628
3 2628
3 1657
5
1 323
5
1 4170
1 3780
2 323 4170
5
2 3780 4170
3 2217
1 2984
3 2984
4 323 4170
1 1766
3 323
4 3780 4170
3 3780
2 1766 4170
3 1766
5
5
5
5
1 2042
1 649
5
5
5
5
3 649
3 2042
5
5
1 1550
2 1550 4170
4 1550 4170
2 1550 4170
3 4170
3 1550
5
5
1 4234
1 1725
2 1725 4234
4 1725 4234
5
2 1725 4234
1 2358
5
2 1725 2358
2 2358 4234
5
5
3 2358
3 1725
1 189
5
5
5
2 189 4234
1 2614
1 2936
2 2614 4234
5
4 2614 4234
4 189 4234
3 2936
2 189 2614
4 189 2614
2 189 4234
1 1921
3 4234
3 2614
3 189
3 1921
5
5
1 576
1 1204
5
5
1 166
2 576 1204
2 166 576
2 166 1204
5
1 3608
4 166 576
1 1110
2 166 576
4 576 1204
4 166 1204
1 1342
1 1930
3 576
5
1 1102
2 1204 1930
3 166
1 3915
1 515
5
1 3182
4 1204 1930
5
5
3 3915
3 1110
1 3501
2 515 3182
5
4 515 3182
2 515 1102
2 1102 3608
3 3608
4 515 1102
2 515 3182
1 2089
5
4 515 3182
5
2 1342 2089
2 1102 3182
5
4 1102 3182
2 1342 1930
4 1342 2089
2 3182 3501
4 3182 3501
1 1303
3 1102
2 515 3182
4 1342 1930
3 1342
4 515 3182
3 1303
5
3 3501
5
5
1 2045
2 2045 2089
2 515 1204
5
3 1930
2 1204 2045
2 515 2089
4 2045 2089
1 24
1 2290
1 793
4 515 2089
3 793
2 2045 2089
5
2 2089 2290
5
2 515 3182
4 515 1204
2 24 515
5
4 24 515
2 24 2089
3 2089
5
2 515 2045
2 2290 3182
5
5
2 515 1204
2 24 515
5
5
2 1204 3182
3 3182
1 1130
1 947
1 3050
4 515 2045
2 947 3050
4 1204 2045
3 3050
3 24
2 515 2045
5
3 2290
1 2002
3 1130
4 515 1204
5
4 515 2045
2 1204 2045
1 3914
1 1162
5
1 1198
2 2045 3914
1 4347
4 2045 3914
1 695
1 1050
1 1116
1 3063
2 947 4347
1 1711
1 57
3 2045
1 2364
2 2364 3914
1 1141
4 2364 3914
5
5
3 515
5
3 57
1 1551
3 947
1 4170
1 1915
3 1050
1 2508
2 1915 4347
1 2644
1 3298
4 1915 4347
5
3 3063
5
2 2364 2508
2 695 1162
3 1162
3 2644
3 3914
5
2 1551 2364
4 1551 2364
1 3526
4 2364 2508
3 2364
3 4347
1 1755
2 1915 4170
5
1 3730
1 839
2 1198 1551
5
1 692
1 3649
5
5
5
3 3526
3 1116
4 1198 1551
4 1915 4170
1 1886
3 1915
5
2 1886 3298
1 4159
2 1551 3298
2 692 695
3 2508
3 692
1 3158
2 1141 3649
1 325
3 839
2 1198 3158
5
2 1711 3730
3 1711
1 3267
3 1886
2 695 3298
1 763
3 763
1 1389
1 3820
5
1 791
3 1755
1 919
2 1551 4159
2 2002 3267
3 3298
2 325 1198
5
3 791
5
2 919 3267
3 1204
1 452
4 2002 3267
5
4 1551 4159
3 3649
2 1198 1389
2 325 2002
5
2 3820 4170
4 919 3267
3 325
3 4170
1 4366
3 452
1 326
3 2002
4 1198 3158
1 4054
3 3267
2 1141 3820
5
1 364
4 1198 1389
5
5
1 2296
3 1198
2 364 1141
3 919
1 4176
3 4054
2 695 3730
5
3 1141
4 695 3730
5
3 695
2 1389 3158
5
4 1389 3158
5
3 3730
2 2296 4176
1 814
1 694
3 1551
3 1389
5
1 1603
1 4248
2 364 4366
4 364 4366
3 326
2 1603 2296
5
3 3820
2 364 1603
1 3347
5
2 814 4159
5
2 3158 4248
4 364 1603
2 3158 4366
3 2296
4 3158 4248
3 1603
4 814 4159
2 3347 4176
3 4366
5
1 4374
2 814 4248
5
2 814 4374
1 3448
1 1965
3 3347
4 814 4248
2 1965 4248
4 814 4374
5
3 1965
5
1 3345
3 4176
1 187
2 187 3158
2 814 4248
3 694
2 364 3158
1 1079
1 243
1 2966
1 803
1 884
2 803 2966
5
4 187 3158
1 804
3 4248
4 364 3158
2 364 3448
2 243 804
3 814
4 364 3448
3 3448
2 1079 4159
5
4 1079 4159
1 2227
2 1079 4159
1 2814
4 1079 4159
4 803 2966
4 243 804
3 803
3 804
1 4026
1 3936
2 3158 4159
3 4159
1 4162
5
5
2 364 2814
3 4162
4 364 2814
5
1 284
3 187
3 243
3 3158
5
2 884 4374
4 884 4374
1 3593
5
5
2 2227 3593
5
2 1079 3345
5
1 1726
3 1726
3 3936
2 884 4026
3 4374
3 4026
2 284 1079
2 1079 3593
2 3345 3593
3 3593
1 650
5
5
3 650
2 884 2227
2 884 3345
2 364 2814
3 1079
1 1911
5
2 884 2814
2 2227 3345
1 2109
4 364 2814
4 884 2227
2 284 2814
5
1 455
5
2 364 455
2 455 2109
2 884 1911
1 3941
3 364
3 1911
3 2109
5
1 2571
1 1127
4 884 3345
3 284
4 2227 3345
4 884 2814
2 1127 3941
5
3 3941
5
2 884 2814
5
2 2227 2571
5
5
4 884 2814
4 2227 2571
5
3 2966
3 3345
2 2227 2571
4 2227 2571
3 2227
1 4086
1 1150
1 3813
2 3813 4086
5
3 1150
5
2 455 884
5
3 455
4 3813 4086
3 884
2 1127 3813
5
3 4086
4 1127 3813
3 2814
5
3 1127
3 2571
3 3813
1 3152
3 3152
5
5
5
1 1247
1 2312
1 3869
2 1247 3869
4 1247 3869
1 317
3 1247
2 317 3869
5
4 317 3869
3 2312
5
3 317
5
1 1687
3 1687
1 2364
5
2 2364 3869
5
5
3 2364
3 3869
5
1 3069
3 3069
5
1 521
1 568
5
5
5
5
3 568
5
5
5
5
5
5
3 521
5
5
1 2826
5
1 2780
5
5
1 3000
1 4162
3 3000
1 737
1 2615
3 2780
2 2615 2826
5
3 737
5
3 2615
1 3895
3 3895
2 2826 4162
5
4 2826 4162
5
3 2826
1 786
5
1 2740
3 4162
3 786
1 1979
3 2740
3 1979
5
5
5
5
5
1 393
5
3 393
5
1 1622
1 2062
3 1622
3 2062
1 2122
1 569
1 3593
5
5
2 2122 3593
1 2965
5
2 569 2965
5
1 2758
5
5
4 2122 3593
2 569 3593
5
5
4 569 2965
4 569 3593
2 2122 2758
5
1 397
2 2965 3593
1 2868
4 2122 2758
4 2965 3593
3 2868
5
3 2758
1 117
5
3 569
1 1463
2 2122 3593
3 1463
5
5
2 117 2965
2 2965 3593
3 3593
4 117 2965
5
3 2122
5
3 117
5
5
1 448
3 397
3 448
1 3467
5
3 3467
3 2965
1 999
1 2892
1 4353
1 1019
1 4133
1 409
1 1835
2 1019 1835
3 409
2 4133 4353
3 999
2 1019 4133
4 1019 1835
5
1 1729
5
4 1019 4133
1 1039
5
4 4133 4353
2 1019 1835
3 4133
1 3023
3 1019
5
1 3499
1 41
2 2892 4353
2 41 1039
1 4014
5
1 4333
3 1039
3 4333
3 4014
2 1835 3023
5
4 1835 3023
4 2892 4353
5
2 1729 4353
4 1729 4353
5
1 3826
2 41 4353
5
2 41 2892
1 3481
1 1430
5
2 1729 1835
2 2892 3023
2 1729 4353
3 3499
2 3023 3826
2 41 1729
1 2582
3 2582
1 4187
5
1 3544
3 2892
2 1430 3544
3 1430
4 1729 1835
4 41 1729
2 1729 3826
2 41 3481
4 3023 3826
2 3481 3826
1 2667
4 1729 4353
3 4187
2 1729 2667
1 3433
3 1835
1 613
5
4 1729 2667
5
5
4 41 3481
5
4 3481 3826
5
5
4 41 4353
5
2 1729 3433
2 2667 3481
1 2119
5
1 1580
1 1420
4 1729 3433
5
1 2182
1 847
4 1729 3826
5
2 1420 4353
5
2 613 2182
4 2667 3481
2 847 3023
3 2182
4 1420 4353
1 3017
3 3023
1 1145
3 1420
1 728
1 2289
5
1 521
1 3843
1 3286
1 924
5
3 3286
3 847
5
1 3479
2 2119 3826
1 2989
4 2119 3826
5
5
1 1300
5
2 1300 3826
1 1957
1 843
2 1300 3479
3 41
5
1 1871
2 2667 3017
3 3826
4 1300 3479
4 2667 3017
1 4238
1 1389
5
5
1 3408
1 2019
1 1633
2 1871 3481
3 1300
1 3725
4 1871 3481
5
5
5
5
3 1633
2 2119 3481
2 1580 3408
3 1871
1 3667
4 1580 3408
4 2119 3481
5
5
5
2 3433 3725
1 465
2 1389 3481
5
3 3481
1 1077
3 1145
5
4 3433 3725
1 781
1 3519
1 2027
3 3433
1 580
5
1 2253
1 780
3 1729
3 3544
3 1957
1 3068
5
2 728 2667
2 2667 3519
3 781
4 728 2667
5
4 2667 3519
1 3900
1 2075
1 495
2 780 2027
4 780 2027
3 1077
1 118
1 2736
1 711
1 1624
1 4065
2 728 3017
5
3 521
5
5
1 1560
2 2253 4065
1 3400
5
4 2253 4065
2 711 3479
5
5
2 4065 4353
1 2246
2 711 780
2 843 4238
5
2 2027 3479
3 3479
2 728 4238
5
2 2027 3068
5
1 2235
3 843
4 728 4238
1 99
1 4055
4 2027 3068
5
4 728 3017
3 3725
3 4238
4 4065 4353
1 1694
1 4244
2 580 3667
1 854
3 2235
1 420
5
1 3036
4 711 780
2 580 2119
5
2 2989 4244
5
5
3 2289
2 3408 3900
3 2119
4 580 3667
2 3408 4065
4 3408 4065
5
1 3670
4 2989 4244
3 924
3 2019
5
1 1314
1 626
5
3 4065
4 3408 3900
2 711 3068
5
4 711 3068
1 314
2 3843 4244
4 3843 4244
2 118 2246
4 118 2246
2 1314 3670
1 3369
4 1314 3670
2 711 1314
5
5
3 1580
4 711 1314
2 613 3900
1 518
5
4 613 3900
1 2848
1 3078
2 99 3369
4 99 3369
2 495 780
1 1697
2 99 2075
3 1694
4 495 780
2 314 2667
5
5
5
1 483
1 156
5
1 388
2 3036 3667
3 1560
5
4 3036 3667
4 314 2667
5
4 99 2075
1 149
2 854 3667
3 2253
4 854 3667
3 3400
3 728
5
5
5
2 314 2075
3 626
3 518
3 2989
5
1 2254
5
1 1064
5
4 314 2075
2 780 3667
5
2 1389 3369
3 2254
1 3726
5
1 2012
5
1 753
5
5
2 118 613
2 388 3369
4 1389 3369
3 495
2 3670 3900
3 4244
3 4353
4 780 3667
2 156 1314
3 156
2 99 483
2 3670 3843
1 710
3 149
5
3 3670
1 2619
1 3273
5
3 2012
3 3036
4 388 3369
4 99 483
3 2075
4 118 613
1 746
5
3 2246
3 3900
2 99 465
3 1389
4 99 465
5
5
2 420 465
2 483 1697
3 3726
1 1934
1 1077
2 1934 3408
3 2619
1 4101
4 420 465
2 3017 3369
2 746 3068
4 483 1697
5
1 3677
3 3078
1 1168
1 3387
5
3 2667
4 3017 3369
3 3273
1 3297
1 1296
5
3 711
3 3068
3 118
5
1 4370
5
2 746 3667
1 1185
4 746 3667
3 2848
1 1857
4 1934 3408
5
1 1475
5
1 3020
2 753 1064
2 388 710
2 1857 4101
4 388 710
2 753 3408
1 2413
5
3 1475
5
4 753 3408
1 2563
1 3472
2 1296 4101
3 780
2 1934 4370
4 1857 4101
4 1934 4370
5
5
3 99
3 2027
1 130
1 909
4 753 1064
5
3 3843
3 1064
4 1296 4101
5
1 71
1 3391
3 753
2 388 854
2 710 3387
4 388 854
1 1416
3 613
1 2195
2 2195 3391
3 1185
5
4 710 3387
1 4026
2 388 1168
1 1686
2 314 3020
3 2563
1 2112
3 4101
3 1296
2 854 1697
5
5
3 909
2 314 4055
1 413
1 3061
5
5
5
5
3 4055
1 1750
1 644
4 854 1697
3 3387
4 388 1168
3 1750
1 2617
1 4283
3 2736
5
4 314 3020
1 2189
4 2195 3391
3 1314
2 2413 3472
4 2413 3472
2 3391 3408
2 710 1624
1 2526
3 4283
3 3472
3 1416
5
5
2 483 2112
4 710 1624
4 483 2112
3 1857
1 890
5
4 3391 3408
5
5
3 483
1 4098
2 314 3017
4 314 3017
1 2695
2 710 2195
3 2189
2 644 3017
3 3061
3 3391
1 681
1 3196
3 2413
4 710 2195
1 2532
2 388 2532
3 2695
2 681 1697
3 420
5
3 2617
3 388
5
4 644 3017
4 681 1697
3 4098
5
1 3835
3 854
5
5
1 3484
1 2367
3 3196
2 746 3017
3 2195
4 746 3017
3 465
3 710
3 3408
1 12
3 12
3 3017
1 2742
3 1686
3 3519
2 71 2526
3 2367
4 71 2526
5
1 2211
3 580
2 644 746
1 4324
2 644 1168
5
4 644 746
4 644 1168
1 4042
2 130 2532
3 3297
2 413 4324
3 644
5
5
3 1934
3 413
5
3 2211
3 71
3 3484
1 545
1 591
2 545 2526
2 591 746
1 1822
1 1029
3 2112
5
5
3 591
2 3667 4370
4 545 2526
1 623
1 1364
4 3667 4370
4 130 2532
5
1 3960
2 890 4042
2 1077 3677
5
1 666
5
1 2921
3 2526
5
4 1077 3677
5
5
3 666
1 3502
5
3 1822
5
2 3369 4324
3 130
3 4026
5
2 1364 3369
2 746 1624
1 3420
3 3020
4 746 1624
5
5
5
1 726
2 1077 2742
4 1077 2742
5
1 3236
3 3835
2 2742 3236
4 3369 4324
3 1697
1 2514
1 3258
3 314
5
5
5
4 1364 3369
4 2742 3236
1 143
4 890 4042
3 2742
5
2 1168 3667
5
2 545 3420
3 143
2 2514 2532
5
4 2514 2532
5
5
2 545 746
2 681 1029
4 545 746
4 681 1029
5
1 2439
1 2252
3 545
1 111
2 726 890
3 4042
4 1168 3667
3 2921
1 425
4 726 890
5
5
3 2252
3 4324
1 1795
1 1528
1 1939
5
5
1 3101
1 1166
5
5
3 726
5
2 1528 1939
4 1528 1939
2 111 1168
3 1166
4 111 1168
5
5
3 1795
5
1 2210
1 4103
1 1642
2 2439 3236
3 2532
2 1642 2210
2 623 1528
2 1364 2210
1 798
3 3420
5
3 3369
3 3502
3 746
2 425 3667
1 214
5
4 2439 3236
5
1 2101
3 1939
1 277
1 123
4 425 3667
2 3101 4370
4 3101 4370
4 623 1528
3 4103
4 1642 2210
1 559
2 798 1624
3 2439
4 1364 2210
3 3258
4 798 1624
3 111
2 425 1528
3 2514
4 425 1528
5
1 3141
3 425
2 1029 1528
3 3677
3 1029
2 277 1077
4 277 1077
3 3101
1 1216
3 559
5
3 4370
2 1528 2101
2 1168 3960
5
3 1624
5
3 214
4 1168 3960
4 1528 2101
2 2210 3667
1 1875
3 681
5
2 1216 1364
2 890 3141
1 403
5
2 1364 3960
3 123
2 403 1168
2 1364 3667
4 1216 1364
2 623 3667
2 1168 2101
2 1364 3236
4 1364 3667
3 1364
1 2089
3 623
3 1168
5
1 3552
1 856
2 856 1642
5
3 3236
3 3960
4 856 1642
5
3 1642
1 3493
3 3493
5
2 2210 3141
5
3 798
5
1 1326
3 2101
3 1216
3 3552
2 890 2210
1 841
5
3 277
3 856
4 890 2210
4 2210 3141
1 988
5
5
2 1077 3141
2 1326 2210
3 1326
4 890 3141
3 841
1 392
5
2 1528 3141
1 3226
4 1077 3141
4 2210 3667
4 1528 3141
1 25
1 571
5
3 571
5
1 3205
2 3141 3667
1 2229
1 1608
5
5
2 2229 3205
3 2229
1 3569
4 3141 3667
2 2089 3141
2 1077 3667
4 1077 3667
2 890 1608
1 2677
4 2089 3141
4 890 1608
3 3205
3 2677
3 890
5
2 1528 3141
3 3141
2 1875 3667
5
2 1528 3226
1 3341
1 737
1 689
2 403 3569
3 1875
1 3368
3 1077
2 403 3226
3 25
4 1528 3226
4 403 3226
1 2909
1 2841
3 988
3 1608
2 737 3667
3 3226
5
5
5
1 3489
2 403 1528
2 689 1528
5
4 403 3569
3 403
4 737 3667
1 464
2 737 1528
5
2 737 2841
4 737 2841
1 2933
5
3 3569
1 1725
3 2089
2 1528 3341
5
1 3594
2 392 2841
2 2909 2933
4 2909 2933
5
2 3368 3667
5
5
2 392 3489
3 392
4 3368 3667
3 1725
5
2 2909 3368
5
3 2933
3 464
4 2909 3368
1 1893
3 1528
2 2841 3594
3 2909
3 3594
2 689 3667
1 3328
4 689 3667
1 1133
3 1133
5
2 689 3667
5
1 163
2 689 1893
1 3713
2 689 3328
5
4 689 3328
5
1 661
4 689 3667
2 2841 3667
1 2933
5
1 1260
3 2841
3 1260
4 689 1893
3 3328
2 689 3489
5
3 2210
4 689 3489
2 737 3713
4 737 3713
5
1 3344
2 661 2933
5
4 661 2933
2 661 3667
5
1 3421
2 3344 3489
2 3368 3667
4 3368 3667
1 2734
5
5
1 3325
5
5
4 661 3667
5
3 2734
2 163 3489
4 3344 3489
3 689
3 3341
5
2 3421 3667
3 3325
3 2933
5
1 2655
5
1 2279
1 4355
4 3421 3667
2 2655 3368
2 3368 3421
2 1893 3713
2 737 3489
5
1 448
4 3368 3421
3 3344
2 3421 3667
3 3667
1 4067
3 4067
5
4 737 3489
5
4 2655 3368
1 1233
1 3394
4 1893 3713
2 2655 3368
3 3421
4 163 3489
3 4355
4 2655 3368
5
2 737 3394
4 737 3394
1 66
5
3 737
5
5
2 66 448
2 3394 3713
4 66 448
4 3394 3713
2 1893 3713
4 1893 3713
3 163
3 1893
3 3713
5
5
5
1 161
5
2 66 3368
1 3782
3 448
4 66 3368
3 1233
5
3 161
3 661
3 3394
1 1109
1 4305
2 66 4305
1 439
5
1 4029
1 2873
2 3368 3782
3 66
4 3368 3782
5
3 2279
5
2 1109 3782
3 3782
3 2655
1 1151
3 4305
2 1109 3489
5
2 2873 3368
2 1109 3368
1 1342
2 439 3368
4 439 3368
5
5
2 1342 2873
4 1109 3368
3 439
1 1014
5
1 1574
2 2873 3489
3 3489
2 1014 1342
1 1807
5
5
4 2873 3368
2 1807 3368
1 1738
2 1738 1807
3 1738
2 1109 1807
4 1109 1807
4 1014 1342
1 887
5
3 4029
1 664
4 1807 3368
2 1807 2873
3 664
1 2366
2 1109 1151
1 2829
4 1342 2873
3 1014
3 1151
5
4 1807 2873
5
5
5
5
2 887 3368
4 887 3368
1 1258
3 2829
3 1574
1 3268
5
5
3 2366
2 2873 3268
3 3368
3 1258
5
3 887
1 3194
2 1109 1342
2 1807 3194
4 2873 3268
2 1342 3194
1 3904
2 3194 3904
4 3194 3904
4 1342 3194
2 2873 3194
3 3268
1 3953
4 1807 3194
2 1342 3194
3 1109
3 2873
2 1342 3953
2 3904 3953
3 3194
1 2863
1 507
5
2 2863 3904
5
4 2863 3904
5
2 507 3953
4 507 3953
5
3 1807
3 3904
4 1342 3953
5
1 3577
1 1371
2 1342 1371
1 3232
3 3577
4 1342 1371
3 3232
1 3621
3 2863
3 3621
2 1342 3953
3 507
5
2 1371 3953
1 4323
5
2 1342 4323
4 1371 3953
1 1227
4 1342 3953
5
4 1342 4323
5
1 4278
2 3953 4278
5
4 3953 4278
5
2 1342 3953
4 1342 3953
5
1 554
3 3953
5
5
5
2 1342 4278
5
4 1342 4278
1 3771
1 124
1 2974
1 3691
2 3691 4323
5
3 4323
3 3771
5
3 1227
5
2 1342 1371
1 599
3 3691
4 1342 1371
3 124
3 599
1 296
2 1342 2974
1 368
4 1342 2974
2 368 1371
1 2315
4 368 1371
1 3864
5
2 554 1371
5
4 554 1371
2 2315 3864
3 3864
2 296 1371
3 4278
3 2315
4 296 1371
5
3 1371
3 2974
3 1342
5
5
3 296
1 2079
3 368
1 1993
2 554 1993
1 1989
1 793
2 1989 2079
4 1989 2079
2 793 1993
3 1993
3 554
1 1463
1 2983
2 2079 2983
2 1989 2983
3 2079
2 793 2983
2 1463 2983
2 793 1989
4 793 1989
1 869
3 1989
4 793 2983
5
2 793 869
1 4202
3 1463
4 793 869
2 869 4202
5
1 2474
3 793
1 184
2 2983 4202
3 869
3 2983
2 184 4202
3 4202
1 1248
3 1248
1 4134
1 2410
2 2410 4134
3 184
1 1877
1 1245
2 1245 4134
1 2735
3 2410
3 1245
2 1877 2735
5
4 1877 2735
1 1836
1 4033
5
5
1 3471
2 1877 3471
5
4 1877 3471
5
2 1836 4134
5
3 4033
5
2 2474 2735
4 1836 4134
4 2474 2735
1 652
5
2 1836 2735
3 1836
2 1877 4134
1 2642
5
1 1053
1 2436
2 2474 2642
1 3064
5
3 652
2 3064 4134
1 506
5
4 1877 4134
2 2735 3064
3 3471
5
5
5
5
4 2735 3064
1 1981
4 2474 2642
3 3064
2 2474 4134
5
2 1981 2474
1 4202
5
2 1053 2436
5
4 1981 2474
3 1053
4 2474 4134
1 1422
2 1422 2474
3 506
1 2771
3 4202
5
5
4 1422 2474
1 2156
2 1877 2436
1 2201
2 1877 2735
1 454
4 1877 2436
1 2688
2 2474 2771
3 2642
2 2201 2735
1 1779
1 1189
2 454 2474
2 1877 2771
3 2436
4 2201 2735
3 1189
2 2735 2771
5
4 2474 2771
2 2156 2688
2 1981 2771
5
1 2425
4 2735 2771
2 2474 4134
5
4 1877 2735
1 3035
4 2156 2688
3 2735
3 1779
2 1422 2688
4 2474 4134
3 2156
5
3 3035
3 2474
4 1422 2688
3 2688
4 1877 2771
4 1981 2771
5
3 454
5
2 1422 2425
3 4134
1 1312
2 2201 2771
3 2201
4 1422 2425
3 1981
1 110
2 1312 2771
1 261
2 1422 2425
5
4 1312 2771
1 4277
4 1422 2425
3 1422
2 1312 2771
2 1877 4277
5
3 4277
4 1312 2771
5
1 1250
3 1877
1 978
3 1312
3 110
3 2425
5
3 261
2 1250 2771
3 978
4 1250 2771
1 1878
5
3 1878
2 1250 2771
5
5
3 1250
5
5
3 2771
5
1 2058
3 2058
1 3785
1 4175
1 4373
2 3785 4373
5
1 1714
4 3785 4373
5
3 1714
2 3785 4373
3 4175
3 3785
3 4373
5
5
1 3580
1 3577
1 3220
3 3580
1 5
3 3220
5
3 5
3 3577
5
5
5
1 4158
3 4158
5
5
1 1899
5
5
5
1 831
2 831 1899
4 831 1899
1 1952
2 1899 1952
2 831 1952
5
3 1952
2 831 1899
5
3 831
3 1899
5
1 3739
1 301
2 301 3739
3 301
3 3739
1 1624
3 1624
1 2223
3 2223
5
1 1653
5
5
3 1653
1 491
5
5
3 491
1 630
5
5
1 1163
1 2873
1 3431
2 630 2873
3 1163
1 517
5
3 2873
3 630
3 517
5
3 3431
1 1097
5
3 1097
1 4220
5
3 4220
1 399
5
5
5
1 1042
1 1234
2 399 1042
5
5
3 1234
1 2843
4 399 1042
1 2312
2 399 2843
2 2312 2843
3 1042
2 399 2312
1 1090
1 3064
4 2312 2843
4 399 2843
4 399 2312
2 2312 3064
4 2312 3064
5
1 2536
1 1948
3 2536
5
3 3064
1 2036
2 1090 2312
1 3389
5
4 1090 2312
2 1948 2036
3 1090
5
1 3683
4 1948 2036
3 2036
2 3389 3683
4 3389 3683
2 399 3683
3 3389
5
3 2312
3 3683
3 2843
2 399 1948
5
5
1 3716
5
5
4 399 1948
1 1563
2 399 3716
4 399 3716
5
3 1948
1 4239
5
1 3839
5
1 952
5
2 952 3839
1 3738
4 952 3839
3 1563
3 3738
2 399 3839
3 3716
4 399 3839
5
3 3839
5
5
5
2 399 4239
2 952 4239
4 952 4239
5
3 399
3 4239
5
5
5
1 3052
3 952
1 443
5
5
5
1 1415
3 1415
2 443 3052
3 3052
5
1 2078
3 2078
5
5
3 443
1 410
1 3630
3 410
1 2093
3 2093
1 4095
3 3630
1 2880
3 2880
3 4095
5
1 1982
3 1982
5
5
5
5
5
5
1 1597
5
1 2673
1 2249
1 4175
3 2249
1 2346
5
5
5
5
2 1597 2346
5
4 1597 2346
3 4175
5
5
1 3466
1 3675
1 2166
2 2346 3675
5
4 2346 3675
3 1597
3 2346
3 3466
1 448
3 2166
3 448
1 4280
5
2 2673 4280
1 806
1 3696
4 2673 4280
1 2795
3 2795
3 806
2 3675 3696
4 3675 3696
3 2673
1 466
2 3675 3696
4 3675 3696
5
1 881
1 4077
2 466 881
1 3123
5
4 466 881
5
1 1572
2 466 3123
3 3696
1 3767
4 466 3123
1 768
5
5
5
2 881 4077
1 3277
1 115
4 881 4077
3 115
3 3675
2 768 4077
1 637
2 881 3277
5
2 1572 3123
5
5
4 768 4077
2 1572 4280
1 846
1 4153
2 881 4077
3 4280
3 3767
5
1 4203
4 881 3277
4 881 4077
4 1572 3123
5
5
2 466 4153
1 3689
5
2 846 4203
1 1814
3 881
1 2837
5
2 768 3277
4 768 3277
1 1621
1 2077
2 3123 3277
3 1572
2 466 2077
1 1689
5
5
1 1407
3 1814
3 637
5
2 1621 3123
3 768
4 3123 3277
4 466 2077
3 1621
4 846 4203
1 1710
2 466 1407
3 3277
3 846
4 466 1407
3 1689
3 2837
3 2077
2 3689 4153
4 3689 4153
4 466 4153
3 3123
5
1 2630
3 4153
3 4077
1 2537
5
3 1407
3 466
1 534
3 4203
5
2 2537 2630
3 3689
1 602
5
4 2537 2630
2 1710 2537
3 2630
5
5
2 602 2537
5
2 534 1710
4 602 2537
5
3 534
2 602 2537
4 602 2537
5
3 1710
2 602 2537
4 602 2537
3 2537
5
1 2521
3 2521
5
1 4240
1 2255
1 3123
2 602 2255
1 2695
5
4 602 2255
1 1366
3 1366
5
3 602
2 2255 2695
1 2257
3 4240
5
5
1 1939
5
1 3398
2 3123 3398
1 1259
5
2 2257 2695
3 2255
5
5
1 3409
1 1475
2 1475 1939
2 2695 3409
2 1259 3123
4 1259 3123
4 2695 3409
1 3798
2 1259 1939
2 3398 3409
1 2176
2 3409 3798
3 3409
4 2257 2695
5
3 2695
2 1939 3798
3 3798
5
2 1259 2257
4 1259 2257
4 1259 1939
3 3398
3 2176
2 1475 2257
1 4167
3 1939
3 1475
5
2 2257 4167
3 3123
3 1259
1 4030
5
1 1551
4 2257 4167
1 1262
1 1275
3 1551
2 1262 2257
3 2257
2 1275 4030
1 470
2 470 4167
4 470 4167
3 4030
3 1275
2 470 1262
1 3663
1 2830
1 700
3 1262
1 153
3 3663
5
5
3 153
1 3725
5
2 700 3725
5
2 700 4167
3 3725
1 121
4 700 4167
2 700 4167
3 700
5
2 121 470
5
4 121 470
5
1 1634
3 4167
5
3 121
2 470 1634
3 1634
1 878
1 1530
3 1530
5
2 470 878
2 470 2830
4 470 2830
5
1 3743
1 1735
5
2 2830 3743
3 878
5
3 1735
1 1362
3 1362
4 2830 3743
1 931
3 2830
3 470
5
5
1 2668
3 2668
2 931 3743
3 3743
3 931
1 4111
3 4111
5
1 2490
3 2490
5
1 1119
3 1119
5
5
1 1349
5
3 1349
5
5
5
1 2104
1 3623
2 2104 3623
5
1 1666
4 2104 3623
2 1666 3623
5
4 1666 3623
2 1666 3623
2 1666 2104
2 2104 3623
1 4174
2 2104 4174
5
5
2 1666 4174
3 4174
1 1268
4 2104 3623
2 2104 3623
2 1268 2104
4 1666 3623
3 1666
5
2 1268 3623
5
1 2880
2 2104 2880
4 1268 2104
4 2104 2880
4 1268 3623
4 2104 3623
2 1268 2880
3 3623
3 2880
1 102
1 2949
1 3520
3 102
5
2 1268 3520
1 1540
2 1540 3520
2 1540 2104
3 1540
2 2104 3520
2 1268 2949
2 2949 3520
1 1796
3 3520
4 1268 2949
3 2949
1 1322
3 1322
3 1796
1 4171
2 2104 4171
4 2104 4171
5
1 3342
2 2104 4171
2 3342 4171
4 2104 4171
1 94
1 1024
5
3 94
2 1024 2104
3 3342
2 1024 4171
2 1268 2104
2 1024 1268
4 1024 4171
1 1330
2 1024 1330
5
5
1 3432
4 1024 1268
4 1024 2104
3 1268
3 3432
3 1024
1 2095
2 1330 4171
1 3512
3 2104
4 1330 4171
5
2 3512 4171
2 1330 4171
5
5
3 1330
5
2 2095 4171
2 2095 3512
1 2441
4 2095 4171
1 762
3 4171
5
2 762 2095
2 762 3512
5
1 1764
1 909
1 653
4 762 2095
3 762
5
2 653 3512
3 909
2 2095 2441
5
4 2095 3512
5
1 4374
4 653 3512
5
5
3 653
1 3781
4 2095 2441
5
5
5
3 4374
2 1764 2441
4 1764 2441
5
2 2441 3512
4 2441 3512
2 1764 2095
4 1764 2095
2 3512 3781
5
5
5
1 3968
4 3512 3781
2 2095 3781
3 2441
3 3968
1 314
1 1268
1 3123
3 314
3 3512
4 2095 3781
3 3123
2 1268 3781
5
1 2156
1 2002
4 1268 3781
2 1764 2156
1 4032
3 4032
1 2069
1 2487
4 1764 2156
2 1268 3781
4 1268 3781
3 2002
2 1268 2095
3 2069
3 1268
3 3781
5
3 2095
3 2487
5
1 3612
1 607
2 607 3612
3 3612
1 3539
3 3539
2 607 2156
3 1764
4 607 2156
5
5
2 607 2156
1 2400
1 3983
5
2 2400 3983
2 2156 2400
2 607 2400
3 607
3 2400
3 3983
5
1 2166
3 2156
5
5
3 2166
1 3533
5
1 1522
3 3533
1 2282
1 1164
3 1522
5
2 1164 2282
4 1164 2282
1 2431
1 3477
3 2431
5
1 2481
5
2 2282 3477
5
1 4000
5
3 3477
5
5
3 2282
5
1 184
1 3004
5
3 4000
1 1965
3 3004
2 1965 2481
3 1965
3 184
5
3 1164
1 3524
3 2481
5
5
5
3 3524
1 534
5
1 1563
1 4352
5
3 534
5
5
1 1952
3 4352
2 1563 1952
4 1563 1952
2 1563 1952
5
3 1952
3 1563
1 2335
5
5
1 4055
2 2335 4055
4 2335 4055
5
5
3 2335
3 4055
5
1 1638
5
1 3382
3 1638
3 3382
5
1 3786
3 3786
1 1574
1 3812
3 3812
3 1574
5
1 3865
5
3 3865
1 1495
5
3 1495
1 4155
1 2650
1 4335
1 3523
2 2650 3523
3 2650
2 4155 4335
1 1654
3 4335
2 1654 4155
3 3523
4 1654 4155
2 1654 4155
3 1654
1 1384
2 1384 4155
3 4155
5
3 1384
5
1 819
1 945
3 945
5
3 819
5
1 967
3 967
1 263
3 263
5
1 3893
5
1 613
2 613 3893
1 3978
1 2876
4 613 3893
1 3947
1 3633
2 613 3893
4 613 3893
1 2462
5
3 613
2 2462 3947
4 2462 3947
3 3633
1 607
1 2411
1 491
1 1341
2 1341 2462
2 2411 3947
3 1341
1 597
5
3 2876
3 607
3 491
1 2766
5
1 1579
5
3 2462
5
4 2411 3947
5
1 1685
2 597 3978
5
1 103
5
4 597 3978
1 2569
5
5
1 3769
3 103
5
3 2569
2 2766 3769
5
5
3 597
5
5
1 1315
2 2766 3978
3 2766
5
3 3978
3 1579
2 1685 3947
4 1685 3947
3 2411
1 4089
1 3009
2 1685 4089
5
1 1775
2 3769 3947
5
5
2 3893 4089
4 3893 4089
4 3769 3947
4 1685 4089
3 1775
1 3337
3 1685
1 2823
3 3947
1 3907
1 2632
2 1315 3009
4 1315 3009
3 3893
3 3769
3 2632
3 1315
5
5
3 4089
5
5
5
2 2823 3009
1 36
1 1406
3 3009
1 1695
5
1 2633
2 2823 3907
3 1695
2 2633 2823
5
1 2944
4 2633 2823
3 2823
1 2460
1 509
5
5
3 2944
5
3 1406
2 2633 3907
2 36 509
2 3337 3907
3 3337
3 3907
1 4158
4 36 509
1 3494
2 3494 4158
2 36 4158
3 509
1 839
3 839
5
5
3 3494
3 2460
1 387
4 36 4158
3 387
3 4158
1 65
3 65
5
5
1 116
5
3 36
2 116 2633
3 116
1 2023
3 2633
1 3105
5
1 4365
5
5
5
2 3105 4365
1 3680
4 3105 4365
1 658
1 2579
1 2614
3 3105
1 122
5
5
3 2023
2 122 658
5
1 4084
4 122 658
3 4084
1 182
3 122
5
1 2441
1 4130
1 2141
1 3907
1 1458
3 658
1 4312
1 624
5
1 1259
2 2579 4130
4 2579 4130
3 1259
5
2 2141 3680
2 624 2441
2 4130 4312
1 2118
1 2631
4 4130 4312
2 2141 4312
5
4 2141 3680
3 624
1 3459
3 4365
4 2141 4312
1 2599
5
1 3098
1 2131
1 156
3 2631
5
5
5
2 3459 4130
1 2384
1 1654
3 2141
3 2579
5
5
5
3 1458
5
3 2599
2 1654 2441
3 4312
5
1 1919
3 1654
5
5
5
1 989
4 3459 4130
5
5
2 2384 2614
4 2384 2614
5
3 182
5
3 1919
2 2441 3459
5
1 92
1 2753
2 156 3907
3 92
3 156
3 2753
5
1 2829
4 2441 3459
1 381
1 3957
2 3459 3680
3 3907
2 2441 2614
2 2131 3098
1 1129
4 3459 3680
1 4315
5
3 381
1 3491
1 2857
2 2857 4315
3 4315
4 2131 3098
1 3499
4 2441 2614
1 2048
1 3516
1 227
5
1 3199
2 2614 3199
3 3499
3 2118
3 3516
5
1 3926
2 2829 3926
2 1129 2384
1 3050
5
4 2614 3199
4 1129 2384
4 2829 3926
2 2048 3050
4 2048 3050
2 2614 3459
3 3491
2 227 2048
4 2614 3459
2 3957 4130
3 3199
1 3123
2 2857 3459
3 3098
5
3 2384
3 3123
4 2857 3459
1 5
3 2131
4 3957 4130
4 227 2048
1 3948
5
3 989
3 2441
2 2829 3926
4 2829 3926
2 3459 3926
2 5 3680
2 3948 3957
3 1129
5
5
4 3948 3957
2 227 3459
2 2857 3957
4 5 3680
3 3050
5
2 227 3948
5
1 1685
1 1435
4 227 3948
1 3163
5
4 227 3459
3 3926
5
1 3388
1 518
5
5
4 2857 3957
3 227
3 4130
1 3892
3 2048
5
3 2829
1 3456
1 3871
5
5
3 1435
1 962
5
1 2000
1 4226
3 5
1 1106
1 2052
2 2052 3680
5
4 2052 3680
5
2 3459 3957
2 518 4226
5
4 3459 3957
5
1 1283
3 3680
4 518 4226
2 2857 3892
2 1106 2000
4 2857 3892
5
1 1533
3 2857
2 3163 3957
2 1533 3871
1 4253
3 1106
2 518 2614
1 1443
4 518 2614
5
2 1533 2052
4 1533 3871
1 1364
2 3456 3948
4 1533 2052
3 3871
4 3456 3948
2 3456 3892
2 2614 3459
5
3 1364
3 3892
1 2937
4 3163 3957
4 2614 3459
2 1685 4253
3 3459
3 1283
3 3163
2 3388 4226
3 4253
1 4057
4 3388 4226
1 4209
1 1735
5
1 1551
3 2052
2 4057 4226
3 962
2 1533 4226
5
2 1685 2937
5
4 4057 4226
2 2614 3388
5
1 4009
3 2000
1 1843
2 1843 3456
3 1843
5
5
5
5
3 3957
3 1533
1 1878
4 2614 3388
1 1289
2 3388 4057
1 143
4 3388 4057
5
1 929
3 3948
4 1685 2937
5
2 4057 4226
5
1 3784
4 4057 4226
5
2 4209 4226
2 143 2937
5
3 4057
3 1735
2 143 1443
2 143 4009
3 1443
2 1685 2937
3 1685
3 3456
3 2937
4 4209 4226
2 3784 4209
1 3004
5
1 4372
3 518
2 2614 3388
3 143
2 3784 4009
1 2887
1 3840
2 929 2887
1 3879
5
2 2614 4009
5
4 3784 4209
5
4 3784 4009
1 761
5
2 1551 4226
5
2 3004 3784
1 1147
1 1467
4 3004 3784
2 1147 4372
2 1147 3879
2 2887 3840
3 3879
5
4 2614 3388
1 188
4 929 2887
4 2887 3840
1 3256
2 2887 4372
2 3388 3784
5
5
1 708
1 1213
2 1551 4372
5
2 1147 3256
2 1147 4226
3 3840
1 2797
5
4 1551 4372
5
2 2887 4009
4 1551 4226
2 761 1147
3 761
4 1147 3256
2 1213 1467
3 4209
1 2133
5
4 2887 4009
3 4009
1 1489
5
1 783
3 1289
3 4226
2 783 1878
3 1213
3 2614
1 2990
3 3256
4 1147 4372
4 783 1878
1 2138
1 1572
4 2887 4372
2 1878 2990
2 188 2138
2 1489 2138
2 188 1467
3 783
5
1 136
5
2 136 2138
5
2 708 3388
2 1572 1878
4 136 2138
3 2887
5
4 1572 1878
1 2042
1 4359
2 3004 4372
4 1489 2138
3 4372
1 396
1 2745
3 708
2 929 4359
5
1 3999
2 2133 2990
5
2 136 3784
3 3004
2 1489 2797
4 188 2138
3 1572
1 4173
2 1467 3784
4 188 1467
1 757
4 136 3784
4 1489 2797
2 136 396
4 1878 2990
3 2042
4 2133 2990
3 4359
1 1137
5
3 3999
5
2 1489 1878
3 2133
2 1551 2745
5
2 136 1551
1 3782
2 1137 3784
1 3579
3 3782
5
5
2 1147 4173
3 396
4 136 1551
2 2745 3388
1 3284
1 1694
4 1137 3784
4 1551 2745
2 757 4173
2 1467 3388
3 1551
1 1740
4 1489 1878
2 1489 1878
3 2138
3 3388
4 1489 1878
2 188 1467
1 1942
4 1467 3784
1 1728
4 757 4173
4 1147 4173
4 188 1467
1 942
5
5
1 2358
5
1 4116
2 1942 2990
2 1878 2797
5
3 2745
2 1740 4116
2 1740 2358
4 1740 2358
4 1878 2797
2 188 4116
1 1142
4 188 4116
1 1960
2 1942 2797
5
4 1942 2797
1 3387
4 1740 4116
4 1942 2990
3 4173
5
3 942
3 3784
2 757 3387
2 1147 1489
5
5
3 2797
4 1147 1489
5
1 173
3 929
4 757 3387
2 1142 1728
5
2 2990 3579
5
4 1142 1728
5
3 3284
4 2990 3579
2 173 1694
1 2889
3 2889
4 173 1694
1 2627
3 136
1 1892
2 173 1960
1 4107
2 173 3387
5
3 2358
1 3917
4 173 3387
1 95
1 1741
3 2627
3 188
5
4 173 1960
2 1489 4116
4 1489 4116
5
3 1728
1 3086
5
2 1147 1892
5
3 3387
5
3 1942
5
4 1147 1892
5
3 4116
3 1892
3 3579
1 1846
1 2730
3 1846
1 3348
2 1467 2990
1 781
4 1467 2990
1 1463
3 1878
5
2 781 1741
4 781 1741
5
1 2276
3 1463
1 3182
3 1137
1 841
1 1986
5
3 3086
5
3 1986
3 2730
3 1740
1 1826
5
1 1019
1 2496
1 1962
1 4118
5
1 3082
2 1694 4118
5
1 1527
5
1 3929
5
4 1694 4118
1 2969
2 781 1694
1 2347
5
1 3251
1 3405
2 841 3917
3 3917
1 3971
5
1 2466
3 3929
2 1142 1467
3 3082
5
4 781 1694
3 4118
3 95
1 3506
3 3506
5
3 1962
2 757 3251
1 4162
1 617
5
2 1826 3182
5
1 1003
1 72
1 3794
1 3281
4 757 3251
2 3182 3794
1 1216
5
1 2043
2 841 1147
4 1142 1467
1 3301
1 1685
2 1019 3301
4 1019 3301
1 4103
1 3086
2 1527 1694
5
2 757 2990
1 2696
2 173 1019
1 3453
1 2258
2 72 173
1 2297
3 617
2 1142 1826
1 2896
1 1588
4 72 173
4 1527 1694
3 2496
5
3 173
3 2276
4 1826 3182
5
2 841 4103
1 4315
5
2 1489 3348
5
5
1 1839
1 1587
5
3 1826
3 1839
2 2043 2347
5
1 3451
1 1971
5
3 2043
5
3 781
4 841 4103
4 1489 3348
2 1741 4107
5
4 3182 3794
2 3794 4103
4 757 2990
5
1 2840
3 2696
1 2035
2 757 3794
2 3251 3301
2 1587 3405
2 2347 2840
3 1489
1 3213
4 3794 4103
3 1147
3 1019
4 2347 2840
2 3182 3281
2 1003 4103
5
4 1587 3405
2 1003 2258
4 1741 4107
5
2 1527 2990
4 3182 3281
3 4103
1 1360
3 1467
3 3453
4 1003 2258
4 757 3794
5
4 3251 3301
1 2114
5
3 757
1 123
2 1216 3348
1 4019
5
4 1216 3348
3 3301
2 1527 1971
3 4315
4 1527 1971
1 3717
1 2015
2 2840 3251
4 2840 3251
1 3722
5
3 2840
2 1588 3281
1 955
3 1527
4 1588 3281
1 2525
1 1258
5
5
1 4194
3 3451
1 4163
1 3423
5
2 1142 2258
1 1094
1 2320
5
3 2297
4 1142 2258
3 955
1 4336
2 4019 4336
1 3458
1 3768
5
1 4168
4 4019 4336
1 2214
5
5
3 4019
5
5
3 2896
2 1685 1694
4 1685 1694
3 1216
5
5
2 2320 4194
1 2209
4 2320 4194
2 123 2214
4 123 2214
3 3213
3 2209
1 3355
2 1258 1587
2 1094 2258
4 1258 1587
5
4 1094 2258
1 4250
3 3405
1 3920
3 1003
3 1588
1 3726
5
2 2525 4336
5
2 1142 1360
2 1685 3086
1 3829
1 2005
1 499
5
5
2 3355 3829
2 1094 1971
5
4 1685 3086
4 1142 1360
1 2486
1 57
4 1094 1971
2 1258 4250
1 79
2 1694 4168
4 2525 4336
3 2486
2 2035 4168
4 1694 4168
5
3 3920
2 2347 3423
4 1258 4250
2 2114 3423
1 751
4 3355 3829
2 1258 3794
1 3168
4 1258 3794
4 2347 3423
1 962
4 2114 3423
5
2 499 1971
4 2035 4168
3 1587
4 499 1971
1 3879
2 751 2015
5
4 751 2015
3 3722
5
5
2 1094 1960
5
5
5
3 2214
1 21
1 626
3 3717
3 2114
3 2005
1 827
2 57 4336
2 1971 3348
1 2584
2 1741 2015
3 79
2 2035 3794
3 1971
1 1596
3 3355
5
5
3 3182
3 1142
1 1610
5
5
1 171
5
3 4168
3 2320
2 2969 3726
3 1596
4 2969 3726
1 4337
4 1741 2015
2 1094 4194
4 1094 4194
2 3086 3768
5
1 2400
4 57 4336
2 2584 3281
4 3086 3768
4 1094 1960
4 2035 3794
2 962 4194
3 171
5
3 2525
1 3948
4 2584 3281
2 2347 3168
2 123 751
5
5
1 3162
2 2466 3948
5
4 123 751
5
5
1 4147
4 2347 3168
2 751 2990
5
4 962 4194
4 751 2990
5
1 2491
3 1094
4 2466 3948
3 499
2 2258 3726
4 2258 3726
5
5
3 21
3 827
1 3505
5
2 72 2466
1 360
2 2491 4107
5
3 2015
5
3 1258
3 3879
3 3348
2 1694 3086
5
2 3162 3505
1 2730
5
3 2347
5
2 962 1685
3 2466
5
1 2853
2 962 4337
5
1 739
1 3350
3 3281
4 962 1685
1 4036
4 2491 4107
3 4147
5
1 412
5
3 1610
4 3162 3505
1 1618
1 1463
3 3948
3 4336
5
5
1 3516
1 2616
1 2447
1 820
4 962 4337
2 1741 4162
2 123 3971
4 1694 3086
2 3458 4107
1 158
1 3020
4 1741 4162
3 2616
2 1694 4036
3 2969
2 2258 4162
4 2258 4162
1 3896
5
1 186
5
2 1463 3350
5
3 412
5
4 123 3971
3 4107
5
3 4163
3 1360
1 3502
3 2258
1 4004
4 1463 3350
4 1694 4036
3 360
3 4194
5
2 72 186
4 72 186
1 2215
5
3 2035
1 1894
2 841 3168
5
5
5
5
2 962 3350
2 3502 3516
5
5
5
4 841 3168
3 2215
4 962 3350
4 3502 3516
2 57 3829
4 57 3829
5
3 1463
1 546
2 1618 3794
3 3896
4 1618 3794
2 3505 4004
1 4248
2 751 3350
4 751 3350
5
3 72
1 3675
3 158
2 3168 3505
1 2818
3 3162
1 1000
5
2 841 3768
4 841 3768
3 2730
3 186
5
3 3768
1 3301
2 4004 4337
1 537
4 4004 4337
4 3168 3505
5
3 3350
5
5
4 3505 4004
5
5
1 1925
2 2447 3458
2 820 3794
5
5
2 123 1894
4 123 1894
2 3423 3458
1 1346
5
4 2447 3458
2 57 2491
3 3516
2 546 4250
2 1346 3726
3 1960
4 546 4250
4 3423 3458
5
5
5
5
1 3963
2 820 841
4 820 841
3 841
3 1685
2 3086 3971
3 2584
2 2491 4248
5
5
4 57 2491
2 1346 2818
5
2 546 3794
3 1346
5
4 820 3794
1 3033
4 546 3794
1 2529
4 2491 4248
5
3 1925
1 50
4 3086 3971
2 3423 3505
2 3675 4162
5
3 3458
2 751 3251
2 4004 4250
1 1603
5
2 739 4036
1 3448
2 739 3502
3 3963
5
2 820 4250
2 2491 4248
5
2 2447 4162
2 537 3448
4 739 4036
2 739 3020
2 2447 3829
2 1603 4004
4 1603 4004
1 670
5
2 1618 2447
2 1694 2529
2 3448 4162
3 57
2 3794 4248
5
3 2529
4 3675 4162
2 2990 3502
2 3168 3726
2 751 1694
5
3 2400
4 751 3251
4 751 1694
5
4 3423 3505
3 2853
4 3448 4162
1 212
5
2 1603 3033
5
4 2447 3829
4 4004 4250
4 739 3502
1 1405
5
2 1000 2990
5
1 696
5
3 670
5
4 2447 4162
4 820 4250
3 3086
5
4 537 3448
1 2881
2 751 3423
5
5
5
4 3168 3726
3 2881
5
3 1000
5
4 751 3423
5
3 696
3 4162
2 626 3502
2 1618 3829
4 1618 2447
1 177
1 1149
3 4248
3 3794
1 1996
2 1894 3829
4 1894 3829
1 632
2 177 3726
1 2992
5
5
2 123 820
3 177
3 123
4 626 3502
2 2992 4036
2 1618 1741
1 989
5
5
4 739 3020
4 1618 3829
2 3168 3726
1 4157
2 1894 3033
1 3870
3 1603
4 2992 4036
2 962 1149
3 1894
3 2447
1 4092
3 2990
4 962 1149
4 3168 3726
4 1618 1741
5
5
5
3 820
5
2 1618 4036
4 1618 4036
1 924
5
1 640
1 2604
5
5
1 1874
3 4337
3 4092
3 739
2 3020 3971
5
1 2644
5
2 1405 3033
2 1149 2992
5
2 1149 1874
5
3 962
2 924 3870
1 3091
4 924 3870
3 3971
5
2 212 3091
3 3870
5
1 313
4 212 3091
4 1149 1874
2 1996 3726
3 1996
2 989 3301
2 751 1618
4 1149 2992
2 989 1741
4 1405 3033
2 3251 3829
4 989 3301
2 751 3301
3 3726
2 1149 2644
3 2818
1 1291
1 2574
2 2491 3301
2 212 2574
2 1874 4004
5
3 3251
5
2 3033 3168
1 3906
1 3503
5
1 3708
1 1664
2 50 546
1 281
2 1741 4004
3 50
2 640 3906
1 4260
5
1 3496
5
2 212 3496
3 3829
3 626
5
4 640 3906
4 989 1741
2 1149 2491
3 2491
5
3 3033
5
1 2784
3 2992
4 212 2574
5
4 1741 4004
3 1149
4 212 3496
5
1 94
4 1874 4004
3 3708
3 3448
3 3020
1 3216
3 1664
5
5
3 4004
3 3216
2 640 3502
4 751 3301
5
3 2644
2 313 3301
1 616
2 313 4260
1 2891
3 1405
3 2574
3 1874
5
5
1 3210
4 640 3502
5
5
5
2 616 1694
2 3301 3502
4 616 1694
4 751 1618
4 3301 3502
5
1 3266
5
1 988
5
1 3570
2 212 3570
4 313 4260
5
2 3301 4260
3 632
2 2891 4260
3 3570
5
1 3470
3 924
2 2784 3502
2 2784 3496
2 546 1291
1 2876
2 989 3470
5
3 2784
3 3503
3 4250
2 94 3505
2 3210 3502
4 2891 4260
4 313 3301
2 1694 3675
4 3210 3502
2 212 4157
1 805
5
3 1618
4 94 3505
1 3536
2 640 3210
5
1 4292
2 2876 3266
5
5
1 1395
5
5
5
5
4 546 1291
5
4 2876 3266
3 1291
3 4157
2 4036 4260
1 3485
2 751 3301
2 537 640
1 3832
1 2750
1 1740
1 128
2 1694 2750
4 3301 4260
2 805 3502
3 313
3 1395
2 537 3423
3 805
5
1 3937
2 3485 3502
1 2713
1 18
5
4 640 3210
2 281 3423
2 2713 3906
1 1895
4 3485 3502
2 751 1895
4 751 3301
2 128 3301
3 537
5
2 18 281
4 4036 4260
2 3423 3675
2 616 3168
2 1740 3832
3 2891
2 1895 4260
4 281 3423
1 2170
3 1740
1 2845
2 281 3485
4 1694 2750
2 2750 3210
5
2 2876 3423
3 3168
2 2170 4292
3 1895
1 3857
2 3675 4292
2 751 3536
3 4260
3 4036
1 1595
4 989 3470
2 988 2750
3 988
5
5
3 3423
1 3981
4 751 3536
1 454
5
3 3470
3 3906
1 217
3 3091
4 2750 3210
2 1741 2713
5
3 3536
1 130
2 1741 3857
5
1 3976
4 3675 4292
3 2750
3 3266
2 3675 3976
2 546 3937
1 1946
2 94 130
2 454 3675
2 3937 4292
3 3832
3 130
2 3301 4292
1 28
3 217
2 2876 3976
1 4024
4 2876 3976
3 1741
2 751 3502
4 18 281
2 128 3485
4 128 3485
1 3537
1 1236
2 2876 3301
2 989 1946
5
4 454 3675
5
3 3502
1 1352
2 454 3981
3 2170
4 128 3301
5
5
1 914
4 1694 3675
5
2 1595 4292
1 114
1 2158
5
2 454 3857
1 536
1 4337
1 3390
4 3301 4292
4 1595 4292
2 114 3675
2 616 2876
3 3857
4 3937 4292
5
4 114 3675
5
1 576
2 989 4337
2 640 751
3 3675
3 3210
4 989 1946
3 3537
5
1 1360
5
3 114
3 989
2 212 3496
4 454 3981
2 94 2845
1 3737
5
1 2421
1 2963
3 2845
5
3 3485
5
4 546 3937
2 616 3505
2 2158 4337
1 2450
2 212 454
5
2 94 3390
2 3390 4292
1 3683
5
1 1096
4 212 3496
5
1 2280
5
5
3 1360
1 2274
5
3 640
1 1288
4 94 3390
3 1288
3 4337
1 2084
1 1594
3 2963
4 3390 4292
1 1479
3 616
4 212 454
1 1133
4 2876 3301
3 2280
2 1946 2158
4 1946 2158
2 1096 4292
2 2604 3390
4 2604 3390
4 1096 4292
3 2158
1 3033
1 362
3 1236
3 576
3 28
5
2 2421 3505
4 2421 3505
3 454
1 318
2 2876 3976
3 3683
1 917
3 4024
4 2876 3976
3 2274
1 4316
1 2065
5
5
5
3 3505
3 3981
3 281
3 2450
1 2097
1 2743
1 2275
5
1 1421
2 1694 3737
3 1133
4 1694 3737
3 2084
1 2480
2 3496 3937
5
5
5
4 3496 3937
3 2065
1 76
2 212 362
5
4 212 362
2 536 2421
3 1595
3 2876
1 245
3 128
5
3 3976
3 3496
2 1096 3033
2 2275 2604
3 18
4 536 2421
1 3763
2 2097 3937
3 212
4 2275 2604
3 245
1 3481
1 582
1 861
3 3763
4 1096 3033
4 2097 3937
5
2 2604 3301
5
5
5
5
5
5
2 1352 2743
2 917 4292
4 2604 3301
4 1352 2743
3 3481
4 917 4292
3 94
2 318 2275
2 861 3937
4 861 3937
3 3033
1 331
1 1466
3 1946
2 1352 2421
1 3932
1 2641
1 4112
3 3737
5
3 2641
5
5
2 2097 4316
4 318 2275
3 582
3 3301
5
4 1352 2421
1 3776
4 2097 4316
2 1421 1466
4 1421 1466
2 2275 3776
3 1352
5
5
2 546 2421
2 1479 2275
2 331 3776
2 536 2713
2 914 917
1 1693
4 536 2713
3 3390
3 4112
5
1 2967
2 362 861
5
5
3 3776
2 914 1466
2 76 2967
1 1369
5
1 2738
3 1369
2 917 1421
1 765
2 3932 4292
3 3932
2 2743 3937
3 751
5
1 2395
1 2229
1 1425
3 2097
4 917 1421
1 4207
1 2645
2 318 2229
5
1 2972
2 2421 2738
1 3067
5
3 4207
2 2743 2972
2 2480 2645
5
3 546
1 2887
4 1479 2275
2 917 2604
1 872
5
2 1479 2887
2 1466 4292
1 1784
5
2 2229 2972
2 2395 2480
4 2480 2645
2 914 1784
4 2743 3937
5
3 536
2 318 914
2 318 2713
4 318 914
4 318 2229
5
5
3 76
2 861 2645
5
4 2229 2972
4 2395 2480
5
2 1694 2887
5
4 1694 2887
3 2887
1 233
4 914 1784
5
2 1693 2480
2 2421 2480
1 4343
2 362 917
4 362 917
5
3 233
1 2847
5
4 2421 2738
2 1421 2847
2 1693 2421
2 765 2967
5
1 2264
3 1694
3 4316
3 1784
2 861 2743
5
3 765
1 4084
1 1223
3 914
2 1693 4343
5
2 1421 4343
1 2872
1 2444
1 123
3 2972
3 2264
5
5
3 362
1 1847
2 1096 2738
4 318 2713
2 123 2395
3 2275
4 123 2395
1 3470
2 861 3067
2 861 1594
3 3937
1 407
4 1693 2421
1 3861
2 917 1466
3 2743
5
3 407
1 2684
4 861 2645
3 2713
3 1223
5
3 1594
5
1 3878
3 4084
5
4 917 1466
5
3 2872
5
5
5
1 2380
2 2395 2967
5
2 3470 3878
3 2444
5
2 1425 1847
2 872 2738
1 1575
3 2229
1 3928
1 3118
4 1693 2480
5
1 1999
3 1847
3 2645
3 861
5
4 872 2738
4 1421 2847
3 3067
5
4 1421 4343
3 1693
5
3 123
3 1479
3 1425
3 2738
5
4 917 2604
3 1575
5
5
2 917 3928
1 3187
5
1 738
2 1466 3878
4 917 3928
4 1466 3878
5
5
3 2967
3 2380
1 3404
5
3 1096
4 3470 3878
5
3 2684
4 2421 2480
1 393
5
4 1466 4292
1 4234
5
2 2421 4292
2 738 2604
3 318
1 3123
3 917
4 2421 4292
4 738 2604
5
3 3928
3 1466
2 1999 2421
2 2604 3187
5
5
5
3 3470
2 1999 3404
1 3825
4 1999 2421
5
1 3389
1 3467
5
5
1 2724
1 3536
5
3 331
4 2604 3187
2 2395 3123
4 1999 3404
5
3 738
4 2395 3123
2 393 1421
2 393 3878
2 2395 3536
5
4 393 1421
2 1421 3861
5
1 2548
5
1 3927
1 3379
5
4 1421 3861
2 1421 3467
3 3187
2 3878 4343
5
1 2867
2 2604 3118
4 2395 3536
3 2867
4 393 3878
4 1421 3467
2 2847 3404
1 3533
4 2604 3118
3 3825
1 3242
2 2480 4292
5
4 2480 4292
2 2604 3533
3 3927
3 2724
1 99
3 1421
2 3123 3242
2 3118 3242
1 711
1 4315
4 2604 3533
1 3304
5
4 3878 4343
3 3304
5
3 3379
1 3324
2 711 2847
5
1 566
1 1964
4 3123 3242
3 1964
4 2847 3404
4 711 2847
4 3118 3242
2 1999 2847
2 3324 3533
5
2 393 3536
2 2421 3467
1 1155
4 2421 3467
1 4346
1 2621
5
2 2604 3878
1 249
5
3 2548
3 2847
2 566 3404
4 3324 3533
3 3389
3 99
3 2621
2 2480 3118
3 3533
2 393 3467
5
5
1 702
2 249 2480
3 4343
1 1406
5
5
2 711 3324
1 3879
5
4 711 3324
5
3 3123
4 249 2480
4 393 3536
3 2421
4 2604 3878
2 249 3404
1 3775
1 1178
3 3775
4 2480 3118
3 702
2 249 3242
3 1178
3 4234
2 711 2395
4 249 3242
4 249 3404
5
4 566 3404
2 1155 4292
1 2205
5
5
3 711
5
1 2619
4 1155 4292
4 393 3467
3 3879
2 393 566
3 2604
5
2 1155 3324
5
4 393 566
3 249
2 1155 3861
2 1155 3536
3 2480
5
4 1155 3324
2 393 3878
1 2405
3 1155
5
1 1834
4 393 3878
1 2487
1 2182
5
2 1834 3536
3 3324
4 1834 3536
5
3 2205
5
3 2182
1 2124
2 566 3878
3 4346
3 4292
2 2395 3118
4 2395 3118
1 33
2 2124 3404
3 566
5
4 2124 3404
5
5
5
3 1406
1 151
1 4265
1 2734
2 3118 3404
4 3118 3404
5
5
2 3467 3536
2 33 4315
2 1999 3242
1 1755
1 701
4 1999 3242
1 134
2 2487 3861
5
2 1834 4265
2 1834 2734
5
1 3116
5
4 33 4315
1 1966
4 2487 3861
1 2050
2 3242 4265
5
1 1128
1 3569
2 872 3878
2 1755 3878
1 2687
2 3467 4265
1 921
5
4 3467 3536
1 2844
4 1755 3878
2 2405 2844
5
3 2487
2 2050 2124
2 1128 3118
4 3242 4265
1 422
3 422
4 3467 4265
1 810
5
2 810 3878
2 2619 4265
4 2050 2124
1 411
2 2050 3861
1 1493
1 2374
5
1 1474
5
2 1999 3116
3 3569
1 4054
5
4 1834 4265
1 645
5
2 701 2374
5
1 3847
3 393
5
3 4265
2 1834 3116
3 1474
2 1834 3404
3 645
5
2 921 3878
5
2 1493 3116
3 1493
3 1755
5
4 1834 3116
2 1966 2619
4 1128 3118
4 701 2374
5
3 2374
5
5
4 1834 2734
4 2405 2844
4 921 3878
1 2807
4 872 3878
3 411
4 1834 3404
5
4 2050 3861
4 810 3878
3 1128
5
1 720
3 3116
2 151 2687
1 3650
4 1966 2619
1 2269
3 4054
4 151 2687
5
5
1 2334
5
2 3118 3650
3 2050
3 33
4 3118 3650
5
1 2362
2 872 2687
1 733
4 872 2687
5
1 1122
2 872 2687
5
2 1834 3878
4 872 2687
2 810 2362
2 1834 3118
1 4219
3 4315
1 341
3 2395
5
3 1966
1 1365
1 3928
4 1834 3118
2 2844 3847
2 1122 1999
5
1 2790
1 4247
3 3118
5
2 872 2734
2 2619 3650
1 2496
5
4 2844 3847
2 2334 2844
1 1013
3 2124
2 1013 2496
2 872 4219
5
5
5
5
1 537
2 3861 3928
1 2005
5
2 810 3536
3 1365
4 2619 3650
3 341
4 1122 1999
1 1126
2 1013 1999
3 3847
4 810 2362
1 2585
3 2790
2 2405 3404
5
4 3861 3928
2 1834 3928
3 151
5
5
4 1013 1999
5
4 2405 3404
5
4 872 4219
5
4 1834 3878
2 733 3861
5
5
4 733 3861
2 701 3878
1 491
1 679
4 2334 2844
4 810 3536
5
4 1834 3928
1 808
3 921
2 3878 4247
5
1 3580
4 1013 2496
3 2687
2 679 720
1 4055
3 3878
2 2844 4247
3 3242
2 491 1834
3 2619
4 679 720
4 872 2734
5
4 491 1834
5
1 2932
1 4288
3 537
3 3536
1 3684
4 2844 4247
5
2 1013 4055
1 322
4 1013 4055
5
1 289
5
1 575
5
3 3404
3 575
2 322 733
4 322 733
2 289 322
3 2734
4 289 322
5
2 491 808
5
3 872
2 701 1013
1 1984
1 1634
4 701 1013
4 491 808
3 4247
5
2 322 2844
1 3707
3 2932
5
4 322 2844
1 3971
3 701
5
1 4039
5
1 1697
5
2 2334 3467
2 679 1122
3 2405
3 1122
2 134 3580
4 134 3580
3 3861
5
5
5
1 4149
3 491
5
2 322 810
4 2334 3467
2 2585 3684
5
1 3428
1 2817
1 1040
3 1634
3 3684
4 322 810
2 720 2334
2 2005 4288
3 3428
4 2005 4288
4 720 2334
2 810 1013
5
2 733 2817
4 810 1013
1 2555
5
5
1 2921
3 1834
5
5
5
5
3 733
2 1126 1984
1 3904
4 1126 1984
5
3 1999
3 3650
2 134 1984
4 134 1984
5
5
5
2 1013 3467
3 4149
1 2743
1 2271
1 3660
4 1013 3467
3 2817
5
3 2844
2 1126 3928
4 1126 3928
1 68
3 134
2 679 2807
3 2555
1 1924
4 679 2807
3 3580
2 1697 4288
4 1697 4288
3 1126
3 4288
1 3979
1 3908
2 1924 3928
5
2 1040 3908
2 1040 3979
3 2743
5
2 289 3467
3 3707
2 2807 2921
1 910
2 2271 3904
4 1924 3928
3 810
2 1697 2585
4 2271 3904
3 3908
1 301
2 679 2334
3 720
2 68 2362
2 2585 4219
3 679
3 4219
1 4143
3 3928
5
2 1924 3467
3 2334
2 1924 3979
5
4 289 3467
4 68 2362
5
1 1850
3 2807
5
2 68 2271
2 2496 3660
1 1135
2 301 3971
3 2585
4 2496 3660
1 495
1 1119
2 1040 3904
1 3156
1 1742
4 1040 3904
2 1119 3467
1 3457
2 3979 4055
4 301 3971
1 2422
3 1924
3 2005
1 564
3 2271
2 910 4055
3 3971
4 910 4055
3 3156
1 3049
2 289 1984
3 3457
3 4143
3 1013
1 2222
4 3979 4055
2 2362 2921
4 2362 2921
3 301
3 1119
2 808 910
5
5
3 4039
3 4055
4 808 910
4 289 1984
4 1040 3979
5
5
2 564 2422
5
1 1250
3 2422
3 1135
1 2413
3 1742
1 516
3 1250
1 417
2 495 564
4 495 564
2 2413 2496
2 322 3979
5
1 2699
1 3570
2 808 2496
3 516
2 1040 1984
1 870
1 3438
5
3 3467
2 1984 2362
1 676
2 68 1984
3 808
3 1697
2 495 3660
4 68 1984
2 870 2362
3 2921
5
1 4032
5
2 289 1984
5
3 910
5
2 676 870
5
5
4 2413 2496
2 1850 2496
1 1589
3 2413
2 2269 3904
3 3438
4 1984 2362
3 1984
4 2269 3904
3 3570
2 564 676
5
4 495 3660
5
3 564
3 3979
4 870 2362
3 3904
5
1 1270
4 676 870
2 2699 4032
5
3 870
4 2699 4032
4 1850 2496
5
1 2045
3 4032
1 2299
2 2299 3660
5
1 715
1 2061
1 617
3 2222
3 1040
4 2299 3660
2 617 2362
2 2061 2362
5
4 617 2362
3 322
5
2 495 2269
5
4 495 2269
3 417
4 2061 2362
1 1683
3 1850
2 1683 2496
3 617
5
3 1589
4 1683 2496
2 2045 2299
4 2045 2299
5
3 3049
5
5
2 1270 2269
3 2362
3 2699
5
1 398
2 398 2299
1 1344
5
2 1683 2496
2 676 2061
4 1683 2496
3 2269
5
4 676 2061
4 398 2299
1 2370
3 68
2 289 2061
1 2849
5
4 289 2061
2 2045 2370
3 2045
1 3796
2 1270 2849
5
2 1270 3660
2 2496 2849
2 2299 2496
3 2370
1 2817
4 2496 2849
5
4 2299 2496
1 517
2 2061 3660
4 1270 2849
5
2 715 2061
4 1270 3660
4 715 2061
4 2061 3660
3 1270
5
2 289 676
2 715 2299
1 4187
3 676
2 289 715
2 3660 3796
2 289 1683
2 2496 2849
2 2299 2496
5
1 1640
3 3660
4 715 2299
4 289 715
2 715 2849
3 1640
2 495 4187
5
2 1344 3796
3 495
1 2059
1 2572
3 398
3 2299
5
4 2496 2849
1 850
1 1485
1 1287
2 850 2849
4 850 2849
2 2572 3796
2 1485 2059
5
1 4160
5
5
1 3052
5
2 2061 2496
5
3 1344
5
4 2061 2496
4 715 2849
4 1485 2059
5
2 2059 4160
2 850 3796
1 1362
4 2572 3796
3 1287
3 4187
3 2572
4 289 1683
4 2059 4160
1 1350
2 3796 4160
3 1362
1 3753
4 3796 4160
2 1683 3753
1 2889
2 2059 2817
5
3 3753
3 2817
4 850 3796
5
1 744
3 2889
5
1 2464
1 3191
3 1350
3 2061
5
1 4153
1 1725
2 744 4160
5
1 2527
4 744 4160
5
3 744
3 289
3 2496
5
2 715 4160
2 1725 3052
4 1725 3052
2 1683 3191
2 2849 3191
4 1683 3191
3 2527
3 715
1 810
2 517 3796
2 1485 1725
4 1485 1725
4 517 3796
3 2059
4 2849 3191
3 1485
3 4160
3 2464
2 517 2849
3 4153
2 850 3191
4 517 2849
2 517 3796
1 4126
1 1715
4 517 3796
5
5
2 1683 3052
5
1 3660
3 2849
1 3289
1 855
4 850 3191
3 1725
3 4126
4 1683 3052
3 810
1 1896
3 1896
5
3 3796
1 3469
3 1715
1 4373
3 1683
2 850 855
1 3102
5
5
3 517
4 850 855
1 671
3 850
1 2524
1 1944
1 2916
3 3469
2 2916 3102
2 855 3191
2 3289 3660
5
5
2 1944 3052
5
1 1473
4 855 3191
5
2 855 3191
3 671
1 2338
3 1473
1 2044
2 3052 3660
2 3052 3191
3 3052
4 2916 3102
5
2 855 4373
4 3289 3660
5
1 2747
5
2 2524 3289
2 1944 3660
4 855 3191
2 2747 3102
4 1944 3660
4 2747 3102
4 855 4373
3 2916
4 2524 3289
3 855
3 1944
1 972
1 1621
3 2524
1 1784
2 3289 4373
5
3 3191
5
2 2747 3660
1 217
4 2747 3660
5
2 1784 3289
3 1784
5
5
5
1 3144
3 3289
5
5
3 1621
5
5
3 217
1 2488
5
1 879
5
1 2127
1 934
3 2044
5
2 934 3144
5
1 3647
4 934 3144
3 3660
1 4341
3 4373
2 934 3144
3 2747
1 2788
3 4341
5
3 2127
1 4112
2 2788 4112
5
1 552
1 3004
2 972 3647
3 2488
3 2338
4 934 3144
1 4190
2 934 3647
2 3144 4112
1 1247
5
5
4 2788 4112
3 4190
1 2596
5
1 2685
3 879
3 4112
5
3 552
5
1 601
4 972 3647
5
3 1247
4 934 3647
5
5
2 3004 3144
4 3004 3144
1 1635
1 817
5
1 3948
2 601 972
5
5
4 601 972
2 601 3102
1 4274
3 601
2 817 934
5
3 817
1 1729
5
1 3578
3 2596
5
1 1966
2 1729 3647
1 1823
3 3144
2 1966 3647
4 1729 3647
5
1 548
4 1966 3647
1 2448
1 599
5
1 1654
3 3948
5
3 1654
3 3647
3 972
2 934 2448
5
3 1966
3 4274
5
3 2788
4 934 2448
1 2429
5
5
1 2520
2 934 2685
5
2 934 2448
4 934 2448
2 548 1823
2 1823 3102
2 2429 3004
1 3739
2 2429 3739
2 599 2685
5
4 599 2685
3 3578
3 3739
2 548 2520
3 2448
5
1 2517
1 363
5
4 2429 3004
4 934 2685
1 1685
1 4291
5
5
2 2685 3102
2 1685 4291
5
5
1 3364
3 363
5
1 1697
4 1823 3102
2 599 3102
2 934 1635
2 599 3364
2 548 4291
1 4240
1 1216
3 934
5
2 1216 2520
4 1216 2520
3 2429
5
3 3364
4 2685 3102
3 4291
4 548 1823
5
1 4246
3 2517
1 1197
3 1197
1 1408
3 3102
2 599 2520
2 1216 2685
1 1742
5
5
2 1742 2520
2 1823 4240
4 1216 2685
5
5
3 3004
2 2520 4240
5
4 1823 4240
5
1 2242
4 548 2520
5
2 1823 2685
1 1881
4 2520 4240
5
5
1 1969
3 2685
5
5
2 1216 1729
2 1823 1969
4 1742 2520
4 1823 1969
3 1881
1 551
5
3 1635
3 2242
4 1216 1729
4 599 2520
3 1408
3 4240
1 2669
2 548 2520
5
4 548 2520
3 548
1 4314
5
1 1595
1 3811
5
1 2325
2 1216 4246
2 599 1685
4 599 1685
3 1595
1 1967
5
2 1729 3811
4 1216 4246
4 1729 3811
1 2712
1 423
1 4200
3 2520
2 551 4200
5
2 1969 4246
2 551 1697
2 1216 4246
4 1216 4246
4 551 4200
5
3 2669
2 1685 2712
4 551 1697
5
5
5
5
2 4246 4314
3 599
1 2407
3 423
1 2776
3 1697
1 2252
2 2325 4246
5
5
2 1967 2407
1 3372
1 3419
4 2325 4246
1 1265
5
2 1729 4200
4 1969 4246
1 2698
1 1462
1 1630
5
5
1 1829
2 1685 2252
3 3419
2 551 1462
1 248
4 1967 2407
5
5
2 3811 4246
5
5
2 1630 1823
3 1969
3 2712
3 4246
5
5
1 3478
1 1476
5
4 1729 4200
4 551 1462
3 3811
1 4344
2 551 4344
2 248 551
1 2585
2 2252 4200
1 583
1 3072
1 1370
2 1685 2407
2 2776 4200
1 3006
3 1829
3 3006
4 1630 1823
2 1685 1742
1 1397
3 1742
1 1585
5
1 692
4 1685 2252
3 248
4 2252 4200
4 551 4344
3 1630
3 3072
5
5
5
5
4 1685 2407
3 3478
4 2776 4200
2 1967 2776
3 583
3 1685
3 2325
4 1967 2776
3 1216
1 3120
2 1462 4314
2 2252 2407
3 692
2 551 2698
1 1737
3 1585
1 3046
2 1476 3046
3 1370
1 3254
1 1806
3 2776
1 1522
2 1522 3120
2 551 1522
1 669
3 4314
2 1967 2407
3 2252
3 1462
5
2 1729 1806
5
4 1967 2407
1 4362
3 1397
3 3046
3 1737
5
5
4 551 2698
3 1729
5
5
5
2 3372 4200
1 846
4 1522 3120
2 551 3254
5
4 3372 4200
1 29
4 551 1522
5
3 1823
4 551 3254
3 551
3 669
5
1 2915
1 2661
5
3 4344
3 1476
1 3396
5
3 2407
1 583
1 4256
1 1666
5
5
5
3 4200
1 3810
5
2 583 2915
3 1265
1 3736
1 641
4 583 2915
2 2585 3120
1 818
5
5
1 1810
5
3 818
2 1810 1967
4 1810 1967
1 3194
4 2585 3120
5
5
5
2 1522 1810
1 3784
5
2 2698 3120
3 1810
4 2698 3120
1 2536
1 2290
1 1184
3 583
3 4256
1 26
1 1863
1 349
2 2290 2915
3 846
4 2290 2915
2 1967 3254
4 1967 3254
5
1 1177
5
5
5
3 3736
2 2585 3120
5
4 2585 3120
5
2 26 2536
5
2 29 1967
4 26 2536
5
3 641
5
1 2691
1 1194
3 3254
2 2915 3396
2 1184 3784
5
3 2290
4 1184 3784
5
5
5
3 3372
1 3542
1 727
1 2365
4 2915 3396
1 1126
2 29 2691
2 1184 1967
3 26
5
5
4 29 2691
4 29 1967
5
1 3274
1 4238
4 1184 1967
2 1177 1666
3 2698
5
2 1967 3784
1 2956
4 1177 1666
4 1967 3784
1 1991
1 4254
3 2536
5
1 380
3 1177
3 3810
3 1806
2 2585 3194
4 2585 3194
1 1772
5
2 2365 2691
3 3784
5
5
5
1 4278
5
3 2956
4 2365 2691
1 3947
1 1520
3 380
1 3344
5
5
5
5
2 727 4278
4 727 4278
2 2365 4278
3 1863
5
2 1991 2365
1 429
5
5
3 29
5
5
3 3194
3 3542
2 429 3344
2 429 1126
4 2365 4278
5
3 3344
5
1 1021
3 4238
4 429 1126
3 1991
5
5
5
2 429 2691
2 1126 3947
4 429 2691
5
1 778
1 261
5
5
3 2661
2 1520 1967
1 1642
4 1520 1967
5
1 3577
5
5
4 1126 3947
2 261 1021
4 261 1021
2 2365 4254
5
5
2 1642 4278
1 105
4 1642 4278
3 349
5
5
5
2 1184 1772
3 4254
3 1666
2 1522 1967
2 429 2915
3 429
1 391
2 2365 2691
5
1 1922
4 2365 2691
5
1 1409
4 1522 1967
3 1642
2 1409 2691
5
3 1772
4 1409 2691
3 4278
2 1194 3947
2 1409 2365
2 105 727
4 1409 2365
2 391 3120
5
2 1184 2585
4 1184 2585
4 391 3120
4 105 727
3 727
1 646
1 1417
2 1184 1409
2 261 3947
5
3 2691
1 3342
4 261 3947
1 3799
3 2915
5
2 391 1126
4 1194 3947
1 663
2 1184 3947
1 3426
2 663 3396
1 3235
5
2 1194 3274
4 663 3396
2 1417 3799
1 547
3 3274
5
4 1184 3947
4 1417 3799
2 646 1967
4 391 1126
4 1184 1409
1 2298
3 1417
4 646 1967
1 1287
5
2 547 1021
5
1 3490
2 778 1021
2 1194 3426
2 2298 4362
5
4 1194 3426
3 778
2 261 3396
3 3342
5
5
2 663 1520
3 261
1 1087
3 3490
4 2298 4362
2 3396 3947
3 2298
5
1 2242
4 547 1021
4 3396 3947
5
1 2725
1 591
2 591 3577
1 3843
5
4 663 1520
2 2365 2725
3 3396
4 591 3577
2 105 1409
5
2 2725 3799
5
2 547 3235
1 3668
2 591 3426
2 2585 4362
3 1922
3 646
2 663 1967
3 1021
2 391 1184
4 2585 4362
3 3235
3 663
1 2257
4 2725 3799
3 4362
4 105 1409
3 3577
2 1087 1184
1 1843
2 1184 1287
5
5
1 1649
2 2725 3799
5
3 1843
4 2725 3799
3 3426
4 1087 1184
2 547 1520
4 1184 1287
3 1194
4 391 1184
5
4 547 1520
1 1059
4 2365 2725
1 2848
2 2257 3668
4 2257 3668
5
2 2365 3668
3 1184
3 1287
1 1135
4 2365 3668
2 1087 3668
4 1087 3668
1 970
1 3312
2 1649 2365
3 547
5
3 3799
3 2242
1 2032
4 1649 2365
3 1409
5
5
3 3947
2 391 2032
5
3 3668
2 1059 1087
3 1126
3 2585
4 391 2032
3 2848
2 1135 3120
5
4 1135 3120
5
1 2904
5
2 1522 3843
5
1 1744
4 1059 1087
5
5
3 1135
2 591 2257
4 591 2257
2 591 2904
1 3609
4 1522 3843
2 1744 2032
5
3 3843
3 591
5
5
1 3506
1 2714
4 1744 2032
3 391
5
5
5
3 1967
5
5
3 3120
1 2676
2 1522 3609
3 3506
4 1522 3609
1 3788
2 1059 2365
5
4 1059 2365
5
1 468
2 1520 3312
5
2 1649 2904
5
2 3609 3788
3 1649
1 3625
4 3609 3788
1 579
5
1 396
4 1520 3312
5
2 579 1520
4 579 1520
1 4027
5
3 2676
2 2032 2725
2 1522 3609
3 3625
3 4027
1 1028
4 2032 2725
3 1520
1 2313
2 970 1744
2 1744 2365
4 970 1744
2 2032 2257
5
5
1 3743
4 2032 2257
2 1744 2714
2 1028 1744
2 970 2365
4 1744 2365
4 1522 3609
4 1028 1744
3 468
5
3 2714
3 3609
1 2251
2 1028 2725
1 808
2 1522 2313
3 970
1 1357
3 3788
1 4253
3 1028
5
3 4253
1 2501
5
3 579
4 1522 2313
2 2251 2904
5
4 2251 2904
1 2590
3 2365
1 1837
5
5
3 1837
2 1357 3743
2 2251 2257
1 3563
2 3312 3743
2 1087 2725
4 2251 2257
4 3312 3743
4 1357 3743
4 1087 2725
2 2257 2501
3 2904
4 2257 2501
1 3384
2 808 1522
1 1743
2 2251 3563
1 3546
4 808 1522
5
2 1087 2257
3 1059
3 105
4 2251 3563
3 1087
3 2032
2 3384 3743
5
5
2 2501 2590
3 3384
1 1263
3 2725
2 808 1522
5
1 2741
3 3563
5
4 2501 2590
2 2251 2590
3 1522
4 2251 2590
3 2313
3 808
3 1744
2 2251 3546
1 2166
2 1357 2251
5
3 396
1 4347
2 1357 2501
2 1263 1743
3 4347
4 1263 1743
1 3754
5
4 2251 3546
1 1673
2 3312 3546
4 1357 2251
1 794
5
3 2251
3 3754
3 1673
1 1448
4 3312 3546
2 2257 3546
5
1 2713
1 2923
2 1743 2741
2 2741 3546
5
4 2741 3546
2 1357 2166
5
3 3312
1 3631
2 2501 2741
2 1263 3743
2 1263 2257
2 1448 2166
3 2713
4 1263 2257
4 2501 2741
5
4 1448 2166
3 2501
1 1362
4 2257 3546
3 1743
1 1659
4 1263 3743
5
2 2741 3546
3 3631
3 1362
3 3546
4 1357 2166
2 1659 2923
1 3186
2 2166 2257
3 2166
4 1659 2923
5
1 1236
5
1 4163
5
3 2923
3 3186
3 1263
2 1357 2257
4 1357 2257
1 1908
1 1676
1 1929
2 1659 1929
5
1 1286
5
1 4298
5
4 1659 1929
1 2599
1 640
1 2325
1 1487
3 2741
1 84
2 640 1236
2 84 4163
5
3 1448
2 794 1236
5
5
3 1659
3 4163
1 3658
5
3 2599
5
3 1487
5
2 1236 3658
4 640 1236
4 1236 3658
3 2257
3 1929
3 84
3 2590
1 2653
4 794 1236
1 2897
3 1357
3 1236
1 1126
2 1126 3658
4 1126 3658
5
3 1676
5
5
3 794
1 1042
1 2476
5
2 1126 4298
1 3482
4 1126 4298
1 3277
2 1286 2476
2 1286 2897
2 1126 3658
4 1286 2476
1 851
1 724
4 1126 3658
4 1286 2897
5
2 1126 3277
5
4 1126 3277
1 562
2 1908 3658
4 1908 3658
2 562 3277
2 724 1286
1 430
5
3 851
3 562
3 1286
5
3 640
5
1 345
1 2655
3 724
5
5
3 1908
2 1126 2897
5
5
4 1126 2897
5
3 2476
3 3482
2 345 3658
5
3 3277
3 4298
4 345 3658
2 345 1126
1 1849
2 430 3743
1 4332
2 1849 3658
5
5
3 1042
3 430
1 4270
3 3658
5
3 1849
3 4270
1 160
1 1979
1 14
2 14 1979
2 14 2897
1 3507
3 160
5
2 1126 3743
1 2383
2 2383 3743
3 1126
3 345
4 14 1979
4 14 2897
3 1979
3 2325
3 2655
3 2383
1 2308
5
3 14
3 3507
2 2897 4332
2 2308 3743
3 2897
1 3459
3 4332
1 3612
4 2308 3743
1 3072
5
5
3 2308
5
1 281
2 3612 3743
4 3612 3743
3 3743
1 2474
5
1 2319
2 2319 2653
5
4 2319 2653
5
2 281 2653
1 1998
3 281
2 2474 3612
3 2319
1 1352
1 1524
2 1352 1524
5
2 1998 3072
2 1352 3459
2 1998 3612
5
4 2474 3612
2 3459 3612
1 3354
1 3297
3 3072
5
3 2474
3 3612
4 1352 3459
2 3297 3354
3 3354
5
4 1352 1524
1 3407
3 1352
1 3161
5
5
3 2653
1 269
3 3459
5
2 1524 3297
2 1524 3161
3 269
4 1524 3297
3 3407
5
1 3929
2 3297 3929
1 314
1 2148
5
1 4248
4 1524 3161
2 2148 3161
4 2148 3161
1 958
4 3297 3929
3 1524
5
3 958
5
3 314
1 2186
2 2148 4248
5
2 3929 4248
2 1998 3161
4 3929 4248
3 2148
4 1998 3161
5
2 1998 3929
5
2 2186 4248
2 2186 3929
4 1998 3929
5
4 2186 3929
2 3161 3929
5
4 3161 3929
1 1257
1 1333
3 1333
2 3161 3929
3 1257
2 1998 3297
5
2 2186 3297
1 1737
5
5
1 3548
3 1737
5
3 1998
3 2186
1 1775
5
4 3161 3929
5
2 3161 3929
4 3161 3929
3 3929
2 3161 4248
1 40
5
4 3161 4248
2 1775 4248
4 1775 4248
3 4248
2 40 1775
5
1 1260
5
2 40 3161
5
2 1260 3548
2 1775 3161
2 3161 3548
3 3548
5
4 1775 3161
2 1775 3297
5
2 1260 3161
3 1260
1 1188
5
4 40 3161
3 3297
1 426
1 3944
2 3161 3944
3 1188
4 3161 3944
1 1210
1 3403
1 1778
5
4 40 1775
2 3403 3944
3 40
3 1775
3 3403
1 1679
2 426 1679
2 426 1778
3 426
3 1679
2 1210 3944
2 3161 3944
2 1778 3161
2 1210 3161
3 1210
2 1778 3944
1 3693
2 1778 3693
1 2306
2 3693 3944
1 4118
4 3693 3944
3 2306
4 1778 3693
1 429
5
2 429 4118
5
4 3161 3944
1 1945
1 297
2 297 3161
2 1778 4118
5
3 3693
2 1945 3944
4 297 3161
5
5
1 3583
4 1778 4118
1 426
1 3420
2 426 3583
4 1778 3161
3 426
5
3 3583
3 3161
3 3944
4 429 4118
3 1778
2 429 3420
3 1945
2 3420 4118
5
5
1 3503
2 3503 4118
4 3503 4118
2 297 429
2 3420 3503
3 297
5
2 3503 4118
5
1 3640
5
5
3 3420
5
1 234
2 429 4118
2 3640 4118
4 429 4118
5
5
5
3 234
1 3930
5
2 429 3503
4 429 3503
3 3640
1 4104
3 4118
2 429 4104
3 3503
3 3930
5
5
4 429 4104
3 429
5
5
5
1 1206
1 2868
5
3 1206
5
2 2868 4104
3 2868
5
1 1186
3 4104
3 1186
5
1 20
3 20
1 3123
3 3123
1 2031
1 4101
5
2 2031 4101
5
1 2071
1 2689
1 1355
5
4 2031 4101
2 2071 4101
5
5
3 2031
1 3120
4 2071 4101
5
1 2784
2 3120 4101
3 3120
5
5
2 2784 4101
2 2071 2689
5
1 2893
3 1355
4 2071 2689
4 2784 4101
1 2372
2 2893 4101
3 2071
3 2893
2 2689 4101
3 2689
2 2372 4101
2 2372 2784
5
2 2784 4101
3 4101
1 537
2 537 2784
1 4041
5
5
3 537
5
1 2839
2 2784 4041
4 2372 2784
2 2784 2839
2 2372 2784
5
2 2839 4041
2 2372 2839
2 2372 4041
4 2784 2839
3 4041
3 2839
5
1 2601
1 2288
2 2288 2784
1 1001
1 4364
2 2288 4364
3 2601
4 2288 4364
3 2784
5
3 2288
2 1001 4364
2 1001 2372
4 1001 2372
5
2 1001 2372
2 2372 4364
3 4364
1 3749
4 1001 2372
1 2454
2 2454 3749
4 2454 3749
2 2372 2454
4 2372 2454
5
1 844
1 508
2 844 2372
5
2 844 2454
1 4268
2 844 4268
3 4268
5
3 2372
4 844 2454
5
2 2454 3749
1 1237
5
1 2852
5
2 508 3749
2 2454 2852
1 73
4 2454 3749
2 73 844
2 2454 3749
5
4 2454 3749
1 2310
1 1008
5
1 447
5
2 1237 3749
2 2310 3749
5
4 2310 3749
4 508 3749
1 3567
3 508
2 844 3749
3 1001
1 1957
4 1237 3749
1 2117
2 844 2310
4 844 2310
2 1237 3749
3 1957
5
3 2454
1 1175
4 1237 3749
3 447
3 844
1 1132
5
3 1008
5
5
5
3 3567
5
1 1581
2 1132 1581
4 1132 1581
2 73 3749
3 1132
1 1873
3 2852
4 73 3749
1 3065
2 73 2310
4 73 2310
3 3749
3 2310
2 1237 1873
4 1237 1873
5
2 1581 2117
3 2117
2 1237 3065
2 73 1175
2 1175 1873
4 73 1175
5
4 1237 3065
3 1873
2 1175 1581
5
5
1 631
4 1175 1581
3 73
5
3 3065
5
5
3 631
2 1237 1581
4 1237 1581
3 1237
1 2644
2 1175 2644
1 2289
3 1581
2 2289 2644
5
2 1175 2289
3 2289
3 1175
5
5
5
1 3226
1 3328
1 889
1 1871
1 1363
3 889
2 3226 3328
2 1871 3328
3 2644
5
2 1363 3328
2 1363 3226
1 3763
1 3114
1 1667
3 3328
5
4 1363 3226
3 1363
2 1871 3226
3 3226
2 1667 3114
5
2 3114 3763
3 3114
5
2 1667 1871
5
5
3 3763
4 1667 1871
3 1871
3 1667
5
1 4196
3 4196
1 3581
5
1 2513
1 1951
5
3 3581
2 1951 2513
5
3 1951
1 4232
1 1876
1 3912
3 3912
1 680
1 1891
2 680 1891
3 1891
2 680 4232
2 2513 4232
1 3647
2 680 3647
4 680 3647
3 4232
3 1876
3 2513
1 2835
1 3412
5
2 2835 3647
5
5
5
2 3412 3647
2 680 3412
3 2835
4 680 3412
5
3 680
3 3647
5
3 3412
5
5
5
5
1 3822
5
5
1 825
2 825 3822
5
1 2765
4 825 3822
1 2944
1 2733
1 3663
1 4088
1 4175
1 954
2 2733 4088
1 4376
2 2944 4376
3 4175
2 3822 4088
3 4088
1 2647
3 2944
3 954
2 3822 4376
1 3299
1 3539
5
1 2585
3 3822
2 2765 3663
3 2733
3 2647
3 2585
2 825 3663
5
1 4023
2 3663 4376
1 1940
5
5
4 2765 3663
1 2677
4 3663 4376
2 825 3299
4 825 3299
2 825 2677
1 292
1 2250
5
4 825 2677
4 825 3663
5
1 2842
3 292
1 205
3 3299
2 2250 4376
2 3539 4023
4 2250 4376
5
2 205 3539
4 205 3539
3 2842
5
1 3471
5
1 210
5
2 3471 4023
5
5
2 2765 3539
5
2 210 2250
2 825 4376
5
2 1940 3471
3 3471
3 3663
4 3539 4023
3 2677
1 2375
5
1 1416
1 2953
5
1 890
4 825 4376
3 1416
5
5
5
1 3968
2 2953 3968
5
5
2 2765 4376
2 825 4376
4 2765 3539
3 2375
4 825 4376
1 2520
2 205 2953
2 205 4023
3 1940
5
2 2765 3968
3 4023
1 1510
2 890 4376
5
3 3968
5
5
5
1 2616
5
1 3172
1 703
5
3 890
2 2250 2616
2 205 2250
5
4 2250 2616
3 3172
1 3273
3 703
1 1038
3 2953
1 895
3 2250
3 205
1 2684
2 825 2765
3 825
2 895 3273
2 895 2765
2 1510 3539
5
5
4 1510 3539
2 895 2616
4 895 2616
4 2765 4376
2 1038 2616
3 1038
5
2 2616 2765
2 2520 4376
1 418
3 4376
5
5
2 2520 3273
4 895 3273
1 1814
1 2875
2 210 2875
5
2 418 1510
5
1 3655
3 2616
2 210 895
3 418
4 2520 3273
1 1442
4 210 2875
3 1442
5
1 2283
5
2 210 2684
5
2 2875 3539
1 2540
4 210 895
3 2520
2 210 2283
5
5
2 2283 2684
4 210 2684
2 2765 3539
2 1510 2875
1 1395
1 1733
3 2540
5
4 2765 3539
1 4285
5
5
3 210
3 3273
4 2875 3539
3 3655
3 3539
2 1395 2765
2 1395 1733
4 1510 2875
2 895 1395
1 1214
5
1 3106
2 2875 4285
5
1 2852
1 58
3 2852
3 2875
4 895 1395
5
3 1814
4 1395 1733
2 1733 4285
5
2 1510 2765
5
3 895
5
4 2283 2684
5
5
3 58
1 2373
4 1395 2765
5
1 241
2 1214 1733
4 1214 1733
3 3106
4 1510 2765
4 1733 4285
2 1214 2684
3 4285
1 2480
2 241 2684
5
3 241
1 750
3 1395
5
1 3707
1 2223
4 1214 2684
1 3308
2 2480 2684
2 1733 3308
3 1510
4 1733 3308
4 2480 2684
3 2480
2 750 2765
1 2397
4 750 2765
3 2373
3 2283
1 1152
3 750
1 2772
2 3308 3707
3 3308
2 2684 2765
4 2684 2765
1 1982
2 1214 2223
4 1214 2223
2 1152 1733
3 2684
2 1982 2223
5
4 1982 2223
3 2223
1 3723
4 1152 1733
2 1214 3723
3 1152
3 2765
5
4 1214 3723
1 2456
5
2 1982 3707
4 1982 3707
2 1982 2397
2 2456 3723
5
1 1076
4 2456 3723
1 3515
2 1214 3707
2 2397 3723
4 2397 3723
1 2648
5
1 2725
2 1076 2772
4 1076 2772
2 2397 3515
4 1214 3707
3 3723
4 1982 2397
1 4294
2 1076 3707
4 1076 3707
1 642
4 2397 3515
2 1076 3707
4 1076 3707
3 1076
1 3684
1 221
5
2 221 3515
5
3 4294
1 4055
1 1060
2 1060 3684
3 1733
4 221 3515
2 221 3515
2 2456 2772
1 1739
3 2648
3 3515
5
5
5
2 2772 3707
1 3166
3 221
1 3566
3 4055
5
1 1796
1 2342
2 2397 3566
5
3 3707
3 2342
2 2772 3166
4 2456 2772
3 1739
4 2772 3166
3 2397
4 1060 3684
5
2 1060 1796
3 2456
5
1 416
2 416 3166
2 1060 3166
1 2826
5
3 1060
4 416 3166
2 642 3566
4 642 3566
2 416 1982
1 3158
1 2894
4 416 1982
2 2894 3166
4 2894 3166
2 642 2772
2 416 2772
1 260
2 260 2894
1 931
5
5
1 2307
5
4 260 2894
5
2 642 1982
4 642 2772
1 1119
1 4219
3 931
3 4219
3 2826
3 1796
2 1982 2772
1 4333
4 642 1982
3 2772
2 642 1214
3 3166
5
5
3 3158
3 2307
5
3 416
5
1 2337
4 642 1214
2 1119 4333
1 4188
5
4 1119 4333
2 2725 3566
4 2725 3566
3 260
5
5
5
5
2 3566 4333
2 2894 3566
4 3566 4333
3 1119
5
4 2894 3566
3 2337
5
1 1077
5
2 1982 2894
1 3241
3 3684
1 1670
2 3241 4188
3 2894
5
4 3241 4188
3 3241
2 1214 4188
5
2 1982 4188
4 1214 4188
4 1982 4188
5
3 4188
3 4333
2 1077 1670
1 1466
2 1982 2725
1 2456
1 1455
4 1077 1670
5
4 1982 2725
2 1455 3566
1 1143
4 1455 3566
2 1214 1466
3 2456
4 1214 1466
1 2396
2 1455 1466
5
5
2 1143 2396
2 642 1143
4 1143 2396
1 1179
3 1143
1 1487
5
3 1455
1 2220
5
2 2396 3566
3 2725
5
5
2 1670 2220
4 2396 3566
2 1179 1670
4 1670 2220
4 1179 1670
2 1982 2396
1 1086
1 2760
3 2396
5
3 1670
2 642 1982
4 642 1982
1 235
5
3 2760
1 3970
5
3 2220
1 3746
3 1466
1 756
1 3910
5
1 990
5
2 1487 3910
2 642 1214
4 642 1214
1 2136
2 235 756
3 990
1 200
5
2 1077 3970
4 235 756
3 1179
1 142
3 1487
1 1324
3 2136
4 1077 3970
5
2 1086 3566
5
2 142 1324
5
3 1086
2 642 1982
2 1324 3970
4 642 1982
3 3566
3 1982
1 3175
5
5
3 3910
4 1324 3970
4 142 1324
1 1614
3 1214
1 1369
1 3801
2 142 3746
