9887
5
5
5
1 3887
1 2396
1 4289
3 4289
5
2 2396 3887
5
5
3 2396
1 3315
3 3315
3 3887
1 1545
1 554
2 554 1545
1 3942
5
1 2876
2 554 3942
1 1262
3 1262
3 1545
2 2876 3942
3 2876
3 554
5
3 3942
5
5
5
1 397
5
5
5
5
3 397
1 2819
3 2819
1 416
3 416
5
1 2212
3 2212
1 686
1 1218
3 686
3 1218
5
1 1955
5
1 2244
3 1955
5
5
5
1 1938
2 1938 2244
1 1739
4 1938 2244
1 277
3 277
2 1938 2244
5
4 1938 2244
3 1938
5
2 1739 2244
5
5
5
4 1739 2244
5
2 1739 2244
4 1739 2244
2 1739 2244
1 3230
2 2244 3230
4 2244 3230
3 2244
2 1739 3230
5
5
3 3230
5
1 485
5
1 1277
2 1277 1739
1 2399
2 1739 2399
3 2399
1 2788
5
1 2016
5
1 143
1 3079
3 1277
1 1694
5
2 143 2016
1 480
2 485 3079
5
5
4 143 2016
3 2788
3 3079
2 1694 2016
4 1694 2016
1 2149
5
2 485 1739
5
5
5
3 1739
1 688
3 688
3 480
5
2 2016 2149
3 1694
2 143 2016
5
2 143 2149
4 143 2149
5
4 2016 2149
3 485
4 143 2016
5
5
1 309
5
3 309
2 143 2016
2 143 2149
3 2149
5
5
5
1 945
2 945 2016
2 143 945
5
5
1 3969
3 143
5
2 945 3969
2 2016 3969
4 2016 3969
2 2016 3969
1 3512
4 2016 3969
4 945 3969
3 3969
2 945 3512
1 3727
4 945 2016
2 945 3727
1 4371
3 3727
1 857
5
5
2 945 2016
3 857
3 945
3 4371
5
3 2016
5
5
3 3512
1 3424
5
3 3424
5
1 3889
3 3889
1 3157
5
1 3877
1 1562
3 3877
3 3157
5
5
3 1562
1 1324
1 1308
3 1324
5
3 1308
1 1877
1 548
2 548 1877
1 2824
1 1457
5
1 3373
4 548 1877
1 580
5
5
1 2358
5
1 790
1 3497
2 790 3373
5
5
1 2192
2 548 580
1 4439
3 790
2 2192 2358
4 548 580
1 3736
3 2192
1 3816
3 3816
2 2824 3497
4 2824 3497
3 3736
3 548
3 580
3 3497
3 3373
5
5
1 2682
2 2358 2824
1 108
1 2563
3 2824
5
1 3369
2 1877 2682
2 2682 3369
5
1 4380
1 1786
3 4380
2 1457 1786
2 108 1457
3 1877
5
1 220
5
3 3369
3 4439
2 220 1786
1 2435
2 2435 2682
3 2682
5
1 499
5
4 108 1457
4 220 1786
5
2 220 499
3 220
3 2435
2 1457 2563
2 108 2563
2 1457 2358
2 499 2563
1 3410
3 499
5
1 4579
5
2 3410 4579
4 1457 2358
3 4579
1 3944
4 1457 1786
1 1872
1 3534
4 108 2563
3 1786
2 108 2563
2 2358 3534
3 108
2 3410 3944
4 1457 2563
2 2563 3944
2 2358 3944
2 1457 3534
5
1 3929
2 3534 3929
3 3929
4 1457 3534
1 2030
4 2563 3944
5
5
1 4493
3 2358
5
1 1623
5
4 3410 3944
3 1457
2 1623 3410
4 1623 3410
2 1872 3410
2 2030 4493
5
1 4152
5
1 4583
2 2030 3410
2 2030 3534
2 3410 3944
1 531
4 3410 3944
2 531 1872
1 2101
3 1623
5
2 531 2030
3 4493
2 531 3534
1 3468
5
4 2030 3534
4 531 1872
2 1872 2563
4 1872 2563
1 3632
2 531 2563
3 3410
5
4 531 2030
1 3043
2 2030 3632
1 1290
1 4237
4 2030 3632
4 531 2563
3 2563
4 531 3534
5
2 2030 2101
3 531
1 2799
5
1 1611
1 3590
1 3824
5
3 3824
5
3 1872
2 2799 3534
1 1959
4 2799 3534
4 2030 2101
2 3468 4152
2 4152 4237
5
3 2101
1 1045
1 1802
3 3534
2 1802 2030
4 4152 4237
1 3716
1 1163
5
4 1802 2030
3 3043
4 3468 4152
5
1 975
1 2515
3 1163
1 648
1 2408
5
2 648 2030
2 1802 2799
4 648 2030
3 975
2 3590 4152
5
4 3590 4152
4 1802 2799
3 1611
5
5
5
1 286
2 1290 3632
1 2120
4 1290 3632
5
3 1290
5
3 2799
2 2515 4152
1 3700
2 2030 3700
4 2515 4152
1 980
2 1959 3944
3 3716
4 1959 3944
3 980
4 2030 3700
5
2 1802 2408
3 2515
4 1802 2408
1 4179
3 286
1 349
1 1729
1 2259
1 1746
3 2030
1 4588
5
2 3632 4583
3 4583
1 1537
2 349 4152
4 349 4152
5
3 3632
3 2259
5
5
5
5
2 2408 4237
5
4 2408 4237
3 4588
2 1802 2408
2 1537 3944
5
1 4059
1 3188
2 349 4059
1 727
4 1537 3944
1 1306
5
5
3 3700
1 4609
5
4 1802 2408
5
4 349 4059
1 2538
5
3 4609
1 3806
1 286
2 349 3468
5
4 349 3468
1 3133
1 1302
1 3003
2 1746 2408
2 1746 3003
1 2247
3 727
5
3 3944
3 4152
4 1746 2408
3 1802
3 2120
2 3806 4059
4 1746 3003
5
2 2538 3188
1 357
5
1 2200
1 2530
4 2538 3188
5
3 357
4 3806 4059
1 4452
3 1302
5
5
1 3021
2 1746 2200
4 1746 2200
3 1306
5
2 2538 3806
1 3666
2 2408 3003
1 2473
3 4452
5
3 3003
5
4 2538 3806
1 1681
2 1681 2538
5
1 3540
4 1681 2538
5
3 2200
5
5
5
3 648
5
5
5
3 4179
5
2 2408 3133
1 2225
3 3666
3 1537
1 340
2 1045 1746
2 3021 3468
5
4 2408 3133
3 3021
3 3540
5
1 2413
1 3617
5
5
3 2473
4 1045 1746
5
1 2181
3 2181
3 3590
3 1729
1 4210
3 3617
2 2413 4210
3 3468
2 286 2225
3 3188
5
1 4580
4 2413 4210
4 286 2225
3 2530
1 876
1 3520
3 876
5
2 1959 4210
2 1746 1959
1 3370
4 1746 1959
3 3520
2 2247 2413
2 2247 4059
3 2538
2 286 340
2 2225 2247
5
2 340 2413
3 1959
4 2247 2413
4 286 340
4 340 2413
5
4 2247 4059
5
5
2 340 4580
5
1 698
1 591
3 591
1 3689
3 4237
5
5
5
1 2810
2 340 3133
1 4537
3 340
2 349 1746
3 2247
1 1847
5
4 349 1746
1 3485
3 4210
3 3485
1 3314
2 2408 4537
4 2408 4537
2 349 4059
4 349 4059
1 3651
2 2408 3370
1 1211
1 4647
2 1211 4647
2 349 3133
2 286 3806
5
4 1211 4647
4 2408 3370
5
4 349 3133
1 2144
5
3 3689
5
4 286 3806
5
1 4395
3 2810
3 4537
2 4395 4580
2 2413 4059
4 2413 4059
5
1 30
3 4647
1 710
2 349 4395
5
4 4395 4580
4 349 4395
3 1045
2 3314 3370
5
4 3314 3370
5
2 710 2144
5
4 710 2144
3 349
5
2 698 2413
5
1 831
5
4 698 2413
5
5
5
2 698 4059
1 293
4 698 4059
1 466
1 215
2 3370 4059
1 4657
1 3036
1 2350
1 3637
2 3370 3637
3 2225
4 3370 3637
4 3370 4059
2 3133 3806
4 3133 3806
5
3 1746
5
5
3 710
1 813
2 3314 4657
5
2 286 831
5
2 1211 3133
1 322
2 813 2350
4 286 831
3 286
3 1681
3 30
5
2 831 3806
2 1211 3806
1 3555
3 2350
4 1211 3806
2 293 3133
3 1211
1 2297
4 293 3133
1 1964
5
1 3273
4 831 3806
4 3314 4657
2 3314 3637
4 3314 3637
5
5
1 370
3 3273
5
1 4432
3 370
2 3133 4395
3 4580
2 2297 3637
3 4657
2 322 2297
3 3637
4 322 2297
5
5
5
4 3133 4395
5
3 4059
5
5
5
1 3958
3 1847
2 2144 3555
3 466
4 2144 3555
5
2 3036 3651
2 3133 3651
4 3133 3651
3 2408
5
3 2413
1 1400
1 2303
5
4 3036 3651
5
1 1451
1 656
3 2297
1 2226
3 3555
2 1964 3958
3 3133
1 2856
5
2 831 4395
4 1964 3958
1 81
3 4432
3 4395
1 4716
5
5
2 698 3036
2 2226 2856
3 3370
4 2226 2856
3 2303
5
2 698 831
5
4 698 831
1 1322
4 698 3036
5
3 293
2 215 3958
5
3 1964
5
4 215 3958
1 935
1 3763
5
5
2 813 3036
4 813 3036
3 3651
5
1 2199
5
3 1322
1 3638
3 3763
3 831
3 4716
5
5
5
2 215 1451
4 215 1451
1 1828
1 4582
5
3 3958
3 935
3 2144
5
1 4687
3 1400
5
2 698 3638
3 1828
2 656 4687
2 81 813
1 4214
3 2226
3 4687
1 3215
1 1430
2 81 215
4 81 813
4 81 215
1 2120
3 4582
3 3314
1 4250
2 322 3806
2 656 1430
1 114
1 3284
3 813
2 2199 3215
3 4250
2 2199 3284
3 322
4 2199 3284
4 698 3638
1 3594
2 215 2856
5
4 215 2856
2 1430 3594
1 3040
5
4 2199 3215
5
5
1 3510
4 656 1430
3 2856
5
1 86
5
1 2788
2 3510 4214
4 1430 3594
1 3968
2 2120 3215
5
1 3997
4 3510 4214
3 3806
2 1451 3215
2 3036 3284
1 938
1 3028
5
4 3036 3284
5
1 1853
5
1 1486
5
1 58
1 1516
3 215
2 1853 3036
2 86 2788
5
1 1734
3 938
1 561
1 4173
3 3215
5
3 2199
1 1183
5
1 3430
3 561
5
4 86 2788
2 3036 3997
1 1839
2 58 3284
5
3 4173
4 58 3284
4 1853 3036
2 86 1516
2 1430 3968
3 3594
3 3968
3 3284
3 3036
4 86 1516
2 1734 2788
5
3 3040
2 698 1516
4 1734 2788
3 86
2 1516 3028
4 698 1516
2 58 1516
3 1486
3 2120
5
5
1 1719
5
5
1 2599
1 2660
5
3 3430
5
3 1719
1 4113
5
4 58 1516
2 114 3510
4 1516 3028
5
1 816
5
3 1451
1 2769
4 114 3510
5
2 1430 3997
5
1 3905
4 1430 3997
5
2 81 698
2 58 4214
3 816
5
1 2962
5
3 81
5
3 656
3 3997
2 1839 4113
4 1839 4113
2 2599 4113
4 58 4214
5
4 2599 4113
1 4645
3 1183
2 1853 3638
3 1734
1 828
2 1853 2769
3 58
2 698 2769
3 4645
2 114 1516
3 2788
4 114 1516
1 2196
1 2600
1 3052
1 3707
2 828 1430
4 1853 2769
4 828 1430
1 3696
1 1081
2 2599 3707
4 698 2769
4 2599 3707
4 1853 3638
3 1430
1 1150
5
1 3536
5
5
2 2962 3028
2 2196 3696
2 1853 3536
5
4 2962 3028
2 1516 2660
1 2586
4 1853 3536
2 698 2196
1 1057
4 1516 2660
2 698 828
4 698 828
5
1 3504
1 2167
1 4610
5
2 2167 3510
4 2196 3696
4 698 2196
3 1150
2 698 1516
1 3334
1 3808
3 3510
5
3 828
1 546
2 2586 2599
5
2 1853 3334
3 1853
3 114
3 2196
5
3 1839
5
1 657
2 4214 4610
1 2398
5
2 2599 3905
4 2599 3905
4 698 1516
5
2 1057 1081
2 1057 4113
1 743
3 3536
1 3834
4 1057 1081
2 2962 3334
5
5
5
1 2057
1 3325
4 1057 4113
4 2962 3334
5
2 2586 3696
5
5
2 2057 4214
4 2057 4214
3 3834
2 2167 2586
3 1516
3 3504
2 2167 3325
5
1 4581
4 2167 2586
1 1901
2 657 1901
1 4526
2 743 1081
3 657
5
5
3 3707
5
2 2167 2600
5
5
3 2057
4 2167 2600
1 566
3 546
3 3808
3 4610
4 2586 2599
1 2839
1 2909
3 2167
5
4 2586 3696
1 500
3 4214
1 4064
1 371
3 743
1 2536
1 3754
5
2 3334 3638
2 500 3325
1 395
1 4315
3 4064
3 3052
2 2599 3754
5
3 3028
4 3334 3638
5
4 2599 3754
5
3 500
5
5
3 4315
2 698 3334
3 2599
5
4 698 3334
5
1 1349
2 2909 3325
2 3638 4113
1 2034
1 4343
1 2998
3 1057
5
4 2909 3325
5
1 4697
3 2600
2 2034 4526
5
5
5
3 2998
4 3638 4113
3 3696
1 714
5
5
5
1 4489
4 2034 4526
2 3334 4343
2 2909 3905
1 796
5
3 2660
2 4113 4697
2 3334 4489
3 2586
1 3281
1 2767
2 796 3325
4 2909 3905
2 3638 3754
2 2034 3638
5
3 3325
2 566 4697
4 3638 3754
5
1 1683
4 566 4697
1 1273
5
5
3 3905
3 1349
1 2070
3 2070
5
2 566 4489
1 1262
1 2033
1 2271
1 314
4 566 4489
2 2398 2962
2 395 1262
3 2767
3 4526
3 1262
5
4 2034 3638
5
4 3334 4489
5
5
2 714 2962
4 4113 4697
1 4422
2 1273 3334
4 2398 2962
2 566 4343
3 2839
1 3948
4 1273 3334
4 3334 4343
5
4 714 2962
4 566 4343
3 2536
2 698 4489
5
1 2209
2 2209 4422
4 698 4489
4 2209 4422
2 796 4697
5
3 4697
2 714 3334
2 314 566
5
1 4365
5
2 566 4113
2 2769 3638
1 768
3 2769
4 314 566
4 566 4113
5
2 796 1901
3 768
4 714 3334
4 796 1901
3 2271
2 3638 3948
2 2909 3334
1 1412
5
2 698 3334
5
3 2962
5
2 395 2909
4 2909 3334
5
4 395 2909
4 698 3334
1 1660
4 3638 3948
2 2034 2398
1 956
3 2909
5
1 450
2 450 796
5
3 3638
4 2034 2398
1 2613
4 450 796
1 3613
1 4006
2 3334 4365
3 4581
4 3334 4365
1 1647
1 4285
1 3506
2 1412 4285
4 1412 4285
3 4113
2 1660 2033
1 4710
1 735
1 959
3 450
4 1660 2033
1 1201
1 4736
1 2527
1 1822
2 956 4710
1 2354
4 956 4710
3 2354
3 1081
5
3 4736
2 2033 4285
4 2033 4285
5
1 1706
5
1 3451
2 566 2033
4 566 2033
1 1288
2 796 956
2 1706 2613
1 2674
1 2261
2 956 1706
1 111
2 714 2613
3 4343
1 3325
4 956 1706
4 796 956
3 4489
2 1288 1822
3 2033
4 1288 1822
4 1706 2613
5
2 735 4422
2 314 2613
3 371
4 735 4422
1 2546
4 314 2613
4 714 2613
1 362
2 395 1201
1 3927
5
1 4462
1 1065
4 395 1201
5
5
2 959 1822
4 959 1822
2 1201 2398
1 1393
4 1201 2398
3 3927
5
1 3480
3 1660
1 4358
5
2 1412 4462
1 4355
3 3948
5
2 2674 3754
3 735
5
4 2674 3754
4 1412 4462
2 1065 1288
4 1065 1288
2 3325 4462
2 3334 4285
5
4 3325 4462
3 1412
1 3830
2 362 4285
2 111 3506
5
4 111 3506
3 959
4 362 4285
2 714 3613
2 796 3325
3 2209
2 1822 4710
3 2261
5
4 3334 4285
1 263
3 3451
5
5
5
2 111 1393
1 4099
3 314
2 2398 4285
5
2 1822 3334
1 3350
3 3754
5
2 4355 4422
3 1683
2 111 4710
2 3480 4422
3 714
1 4609
1 1702
4 796 3325
4 111 4710
4 3480 4422
1 2889
1 3295
5
5
3 3281
2 1706 2034
2 2527 2889
4 1822 4710
5
2 3830 4365
3 4099
2 3350 4422
1 4065
1 22
4 2527 2889
3 4006
1 4125
4 1706 2034
3 1901
3 1647
4 2398 4285
2 3334 4462
2 263 4355
3 4065
2 796 3295
4 263 4355
1 24
5
3 1822
2 956 4285
2 956 1393
4 3334 4462
4 956 1393
5
2 22 4125
2 1201 2613
5
5
1 1626
4 22 4125
1 2762
2 1702 3830
4 956 4285
3 1273
4 1702 3830
3 2546
5
4 111 1393
1 1555
4 796 3295
3 698
4 3350 4422
1 4303
5
3 1702
4 3830 4365
5
1 3656
1 2058
4 4355 4422
4 1201 2613
3 2034
1 4255
1 1688
5
2 1201 2762
4 1201 2762
5
3 4355
1 3679
5
2 1555 2398
4 1555 2398
3 2613
5
5
3 4255
2 956 2527
5
3 111
2 2762 3656
1 2326
2 1555 4365
2 1065 4125
3 2674
3 4303
3 3613
1 2495
3 1201
3 2058
4 2762 3656
5
1 2461
1 1554
4 1065 4125
1 2802
3 4609
2 1555 3334
1 4063
3 2527
5
2 2495 2889
5
1 1754
2 1393 4063
3 4063
2 796 1626
1 786
2 24 1393
3 4422
4 24 1393
4 2495 2889
3 1754
5
4 1555 3334
2 566 956
1 1849
5
2 2461 4462
1 763
4 796 1626
1 346
1 2578
4 1555 4365
5
5
4 566 956
4 2461 4462
1 3231
3 4462
1 4061
2 1555 3334
5
4 1555 3334
5
5
2 3480 4125
2 2802 4358
1 3475
5
1 1678
1 43
5
2 566 4125
3 786
4 566 4125
2 1288 3334
1 4110
4 1288 3334
1 3186
3 2578
5
2 1626 2326
4 2802 4358
1 1001
4 3480 4125
3 4710
4 1626 2326
5
5
2 24 796
3 24
5
1 107
3 395
1 123
3 2461
3 2326
2 43 4285
4 43 4285
3 263
5
3 2762
1 3638
3 1555
2 3475 4125
2 1626 1688
5
2 1288 4285
5
1 2453
2 123 1849
4 123 1849
1 1412
2 4358 4365
1 988
2 956 3830
5
3 3325
5
3 2453
1 55
4 1288 4285
2 346 2802
3 1412
3 3475
1 17
4 1626 1688
2 2802 4061
5
4 956 3830
3 1688
4 4358 4365
2 17 4061
2 17 1678
2 1626 3334
4 17 1678
1 2694
4 17 4061
2 1288 1554
4 2802 4061
3 2495
1 3924
5
5
1 4416
1 1702
5
3 3656
5
5
4 1288 1554
4 346 2802
5
3 346
5
3 988
4 1626 3334
1 3898
2 123 1678
3 1393
2 2694 3480
2 362 3350
3 1554
3 3231
4 2694 3480
5
5
2 566 1849
3 566
4 123 1678
1 4330
4 362 3350
1 2852
2 1626 1678
2 763 4416
2 17 123
3 22
5
4 17 123
4 1626 1678
4 763 4416
5
5
3 2694
2 796 3924
1 2301
2 123 4416
4 123 4416
3 1702
5
3 17
4 796 3924
1 3682
2 2802 3186
2 1626 3682
3 3186
2 362 3350
4 362 3350
2 796 2889
5
2 43 3898
5
3 3638
1 3075
3 4365
5
5
5
1 409
4 1626 3682
1 1205
4 796 2889
5
1 2217
5
4 43 3898
3 3075
3 2802
5
2 2852 3295
2 796 1626
2 3924 4330
2 43 4416
1 3423
5
5
3 4125
3 3506
1 2170
1 1965
4 2852 3295
5
5
2 1288 1706
5
4 3924 4330
5
4 43 4416
3 2217
5
4 1288 1706
1 3687
3 362
3 3924
5
3 3350
2 43 55
2 43 796
2 796 3687
5
2 3830 4330
4 3830 4330
1 1332
5
2 1205 1678
4 796 3687
1 1324
4 43 796
5
2 1288 4416
4 1205 1678
1 443
3 1849
1 1740
5
5
2 123 3423
1 2215
5
4 1288 4416
2 956 1065
3 2889
4 796 1626
3 2215
2 1065 1288
1 3231
2 1001 4110
2 409 1324
2 3687 3898
1 1188
4 123 3423
1 914
2 1332 2398
5
1 1883
1 878
4 1065 1288
3 3830
3 3687
5
4 1001 4110
2 123 4330
5
5
1 2306
3 1965
5
4 409 1324
5
4 43 55
4 956 1065
4 1332 2398
4 123 4330
3 4358
2 1288 1332
3 1706
4 1288 1332
1 4193
1 376
1 2649
2 878 2649
4 878 2649
1 3111
5
3 2649
3 1288
3 55
2 1626 3682
5
3 3679
3 796
4 1626 3682
3 2852
5
5
5
3 3898
5
3 3423
3 4416
5
2 1678 3231
3 1740
2 43 4061
4 43 4061
5
5
3 3480
3 1883
4 1678 3231
5
2 1626 3334
5
1 3470
4 1626 3334
2 1626 4193
4 1626 4193
2 2301 3295
2 123 4110
2 1626 3111
5
5
2 1188 3111
4 123 4110
1 1270
1 1557
3 1188
4 2301 3295
4 1626 3111
2 1001 3334
2 3111 3682
1 70
2 43 376
5
4 43 376
3 1205
3 2306
5
3 1557
3 70
4 3111 3682
2 1001 3295
5
1 4255
3 3295
1 4213
4 1001 3334
5
5
1 4711
1 3087
1 1621
3 376
5
3 3470
2 3111 4255
3 1332
4 3111 4255
1 1859
1 3674
3 1859
2 1678 4061
4 1678 4061
2 914 3087
2 107 4285
4 107 4285
3 1270
4 914 3087
3 4193
3 4213
5
3 1626
5
3 123
3 2301
1 1819
1 3533
1 4510
5
2 2398 3111
1 3429
4 2398 3111
1 4599
3 4285
5
1 3535
2 3533 3674
3 409
3 1678
4 3533 3674
5
2 3111 4110
5
4 3111 4110
1 3073
3 4599
5
2 1001 4110
3 1065
4 1001 4110
1 4012
1 1614
5
5
1 4325
5
2 763 1819
3 4325
2 763 4255
1 583
1 4204
5
2 3087 3111
4 3087 3111
3 1001
5
1 600
2 1819 3533
5
2 956 4204
2 956 3533
2 107 4255
5
2 107 3073
3 443
5
4 1819 3533
3 4255
2 1621 4061
1 1759
1 4089
5
3 4089
1 4284
1 953
4 107 3073
5
4 956 3533
2 1614 4012
1 1740
3 4510
5
2 1621 4711
4 956 4204
3 3533
3 1614
1 211
3 4110
1 3732
2 2170 3231
1 3774
5
4 1621 4711
5
4 2170 3231
3 914
4 763 1819
3 3073
5
1 3457
5
2 763 4711
1 2108
5
1 3611
5
2 1740 4061
2 2398 3682
5
4 1621 4061
1 2733
3 1324
2 600 3457
5
1 883
5
5
4 600 3457
5
3 3334
2 583 956
1 3932
2 583 3457
3 107
4 583 956
4 763 4711
5
4 583 3457
1 3988
4 1740 4061
3 3087
1 21
4 2398 3682
2 1759 2733
3 763
1 1674
4 1759 2733
5
1 958
5
1 3971
1 4462
3 583
1 2231
1 3371
2 600 958
4 600 958
2 3457 3971
4 3457 3971
3 3429
2 1740 2170
5
4 1740 2170
2 878 2108
2 3231 3774
5
2 2398 4462
2 878 3971
3 43
4 878 2108
4 3231 3774
1 496
2 1740 2108
5
3 4284
1 2709
4 1740 2108
4 2398 4462
4 878 3971
5
3 4711
3 4061
3 600
2 1621 3231
4 1621 3231
2 3231 4204
4 3231 4204
5
1 502
1 4501
1 1838
3 1838
1 3929
2 878 2108
3 1621
3 883
3 3732
1 3008
5
4 878 2108
3 502
1 4732
2 958 4501
2 2108 3971
1 3727
1 1132
4 2108 3971
3 1759
5
2 1132 2398
3 3111
1 732
1 978
1 2214
2 732 4330
1 3290
2 496 1740
2 732 4012
3 21
1 1910
5
5
5
2 978 2398
4 978 2398
3 3231
1 4678
3 496
1 2638
5
1 449
4 1132 2398
2 978 4501
4 732 4012
1 4729
2 3727 3971
4 3727 3971
5
5
1 610
1 2962
5
5
4 732 4330
3 2398
4 978 4501
4 958 4501
5
5
5
3 2962
2 732 2170
2 953 3971
5
1 4018
4 732 2170
2 978 3932
1 2985
5
2 2231 3371
3 610
3 3674
3 211
2 3008 3611
5
1 783
5
1 800
1 748
4 3008 3611
1 4207
5
4 953 3971
1 836
2 836 2733
4 836 2733
2 958 4018
1 151
2 958 4678
4 958 4018
5
1 184
2 449 783
3 1819
3 4207
5
3 4018
2 1674 3971
3 4729
5
1 1719
4 449 783
2 958 1910
5
1 171
5
5
2 836 3682
1 3178
5
4 958 1910
5
4 1674 3971
4 836 3682
5
1 157
2 732 1674
2 1132 4501
4 958 4678
4 1132 4501
4 2231 3371
3 3290
3 3929
5
2 2231 4012
4 2231 4012
1 926
3 171
3 3457
5
4 978 3932
4 732 1674
5
5
3 3611
3 953
1 4364
3 748
5
3 2108
3 3727
5
3 3971
3 978
5
3 1910
1 2617
5
1 1968
3 1968
5
3 4462
3 3178
1 3259
3 4732
3 732
3 3371
5
5
3 2214
1 1496
5
5
5
5
5
2 926 4501
1 725
1 2529
2 783 3774
5
2 184 2985
3 3535
4 926 4501
1 2491
2 1719 3682
2 1674 3932
2 2491 4012
5
2 3682 4678
5
3 2617
4 1674 3932
2 926 3988
5
5
4 3682 4678
3 4012
5
1 4212
4 184 2985
1 639
1 3594
4 926 3988
5
4 1719 3682
5
5
5
2 2529 4204
2 449 958
5
1 245
3 2709
5
3 878
4 783 3774
1 73
2 245 1740
5
5
1 1473
1 1843
2 2231 3988
5
3 926
2 184 449
3 2985
5
5
3 4501
5
5
2 2529 4364
3 73
5
4 184 449
4 449 958
5
3 4678
3 1473
3 2733
1 4664
5
5
5
1 898
2 151 4330
4 151 4330
5
4 2529 4204
2 836 1496
3 184
5
3 1496
2 157 3682
5
3 3259
3 958
3 898
5
5
4 2529 4364
4 2231 3988
2 4364 4664
1 3608
5
3 783
5
4 4364 4664
4 157 3682
4 245 1740
3 3774
2 449 4664
5
1 4674
2 836 3932
3 1843
2 3682 4674
4 449 4664
1 1605
5
4 3682 4674
5
5
2 449 4330
1 1105
2 836 1674
2 157 245
5
4 836 1674
3 157
5
3 1674
3 1132
1 229
4 836 3932
1 55
5
5
2 55 3682
4 55 3682
4 449 4330
2 229 639
1 2626
1 1762
2 2626 3932
1 4454
4 229 639
5
3 1105
4 2626 3932
3 836
3 245
2 2491 3608
1 2091
4 2491 3608
2 2091 3988
1 3467
2 2170 4674
4 2091 3988
1 1419
1 1576
4 2170 4674
2 229 3608
5
5
3 1740
4 229 3608
1 2639
3 4212
3 3608
5
5
2 956 4330
3 2091
5
1 2583
3 2491
2 151 4664
5
5
5
2 449 956
4 449 956
2 639 3682
1 222
4 956 4330
5
1 4562
5
1 2227
1 59
1 845
4 151 4664
1 655
5
4 639 3682
3 956
1 775
3 845
5
5
3 2227
5
3 725
1 3096
5
3 2170
1 21
5
2 1605 3467
4 1605 3467
5
5
5
3 3594
5
5
2 800 2638
5
4 800 2638
5
2 222 229
3 4204
3 55
5
3 2639
1 2497
5
3 449
3 4364
3 2231
1 3917
3 151
5
1 3017
4 222 229
1 1464
3 655
3 1762
3 3917
3 3988
3 1419
5
3 2529
3 222
2 229 1605
2 3467 4454
5
4 3467 4454
5
4 229 1605
2 21 4674
3 3017
1 4557
5
2 4330 4454
2 21 4454
4 21 4454
4 4330 4454
1 1823
3 3682
3 2638
5
3 2497
5
2 4664 4674
2 1576 4664
5
4 4664 4674
3 1823
2 800 4562
5
1 4325
1 2162
2 639 1605
4 639 1605
4 21 4674
2 59 2162
3 4454
5
2 775 2626
2 3008 3096
2 775 4330
1 197
2 21 4562
2 1605 4557
3 21
5
2 4325 4557
3 4674
5
2 59 4325
5
3 4557
1 2321
3 3467
5
2 3008 4664
5
5
5
1 681
5
3 59
5
5
5
2 3932 4325
2 3008 4330
4 3008 4664
2 229 4325
5
1 712
3 1464
5
1 2019
2 1719 3932
5
4 775 2626
4 3008 4330
1 858
2 800 3096
2 2626 3932
4 800 4562
5
5
5
5
5
3 4325
5
5
4 775 4330
4 1719 3932
5
4 2626 3932
3 2583
5
2 775 2626
5
4 3008 3096
4 775 2626
4 800 3096
3 858
1 1959
4 1576 4664
5
1 43
5
2 3008 4330
3 681
1 3354
1 4295
2 800 4295
4 800 4295
4 3008 4330
5
2 1576 4562
1 3521
1 2538
1 718
5
2 639 4664
4 639 4664
4 1576 4562
1 4509
3 712
1 1128
3 2019
2 43 3354
2 2626 4562
2 1959 2626
4 1959 2626
4 43 3354
2 3096 4562
3 3521
2 43 2538
4 2626 4562
5
2 43 1959
4 43 2538
1 1908
2 1576 2321
4 1576 2321
5
5
3 1576
2 229 775
1 2809
5
5
3 197
3 229
2 1908 4330
3 1959
4 1908 4330
2 3096 3354
2 2162 4330
4 3096 3354
3 800
1 1695
1 198
3 198
2 718 2162
2 718 1695
5
1 2448
2 2321 4562
5
3 3008
3 1719
4 718 1695
3 718
1 3357
2 2162 4295
2 4330 4664
1 3514
1 1342
1 3475
4 2162 4330
1 1028
5
1 2049
4 4330 4664
4 2321 4562
2 639 1342
1 2951
3 3475
4 3096 4562
1 3090
3 639
2 1028 3090
4 2162 4295
1 3922
1 1445
2 1695 2538
1 632
1 4250
4 1028 3090
2 2162 2951
3 3514
1 3436
4 1695 2538
4 2162 2951
3 2321
1 3352
2 1605 3922
1 2552
5
1 2336
2 3352 3922
3 4330
1 476
2 2162 2626
1 341
1 1801
5
5
2 1128 2538
4 1605 3922
4 2162 2626
4 1128 2538
5
5
1 1249
3 2162
3 4664
5
5
5
2 2809 3090
5
3 1801
4 2809 3090
5
2 43 1028
1 4557
3 2448
1 4221
2 3436 4557
5
1 4045
1 4207
3 4295
4 43 1028
3 2951
2 2552 4207
3 3090
3 1028
3 775
5
4 3352 3922
2 1128 4207
2 4207 4557
2 476 3436
5
3 3922
4 2552 4207
4 4207 4557
1 3941
4 476 3436
3 2809
3 3436
1 1254
1 765
1 974
2 1342 4221
3 1254
4 1342 4221
4 1128 4207
5
3 2336
1 2052
1 563
2 1908 2049
4 1908 2049
1 1760
3 2552
2 2052 2626
3 3357
3 1695
4 2052 2626
1 380
2 632 4045
5
2 3352 4562
3 3352
1 2248
4 632 4045
3 2052
5
1 1907
2 2626 4509
5
2 380 1760
3 341
5
2 974 1760
3 3932
2 1445 2248
5
1 1818
1 896
4 1445 2248
3 632
5
4 974 1760
5
3 1249
1 4176
2 476 4250
1 3719
3 4207
4 2626 4509
2 765 1760
4 380 1760
5
1 2260
2 43 896
4 765 1760
1 955
1 3486
4 476 4250
5
5
4 43 896
2 765 4509
5
2 43 1128
3 1760
5
3 974
3 4176
5
3 1818
5
1 199
1 3736
3 4250
4 765 4509
3 1908
2 380 1605
3 563
2 43 3941
4 43 3941
3 3096
5
1 3231
3 199
5
5
3 765
1 3857
2 1445 3941
4 380 1605
4 43 1128
1 3799
1 146
5
5
4 1445 3941
2 1605 2049
5
4 1605 2049
3 1445
2 380 4045
3 476
3 2248
2 4045 4562
1 3421
1 2423
2 1128 4509
3 3719
1 2449
1 919
4 380 4045
1 1614
3 3231
4 4045 4562
4 1128 4509
2 1605 4045
1 3949
1 2323
4 1605 4045
5
1 1517
2 2049 3949
4 2049 3949
1 2088
3 2323
5
1 1420
2 146 1907
5
5
4 146 1907
3 919
3 1420
3 1614
3 1517
1 3969
5
3 4557
3 380
3 3969
2 896 3736
5
5
5
2 43 4509
3 2260
2 1128 4221
2 955 3857
3 3799
1 390
2 146 955
5
5
4 146 955
5
3 1605
5
3 4221
4 896 3736
1 2500
4 955 3857
3 4562
5
2 2088 3486
3 43
4 2088 3486
2 1128 3949
2 955 2538
1 1425
3 3354
5
1 1562
4 1128 3949
2 2049 2449
1 4300
5
3 3857
4 2049 2449
4 955 2538
2 1562 2423
2 1562 1907
3 2449
2 2088 2626
3 2626
1 684
2 3421 4045
1 1585
4 1562 1907
2 684 3736
2 146 2088
1 1797
2 896 3941
1 1198
1 4684
5
5
4 896 3941
5
3 4509
1 4570
4 146 2088
1 2251
1 771
4 1562 2423
2 896 3941
5
3 2251
4 896 3941
5
5
3 2423
5
5
3 3736
4 3421 4045
3 771
1 2315
2 4045 4570
2 2088 3941
4 2088 3941
1 2074
4 4045 4570
1 2441
5
5
5
5
1 1282
5
2 955 1342
3 684
1 1864
2 1907 2538
5
3 2074
5
5
5
2 2538 4300
1 2883
2 1128 2441
5
1 4406
5
1 455
5
2 2538 3941
5
1 549
1 2859
3 2315
2 390 3949
2 455 3949
1 2041
3 1425
3 3486
4 390 3949
1 3663
3 455
2 390 4300
2 896 1585
1 1526
3 4570
3 1282
4 1128 2441
5
3 2441
4 2538 3941
1 2132
3 4406
3 2538
1 836
2 146 4684
1 4633
2 390 1797
4 390 1797
4 896 1585
4 955 1342
5
3 3663
2 1128 1864
3 1526
5
5
2 955 4300
2 955 1864
2 2088 2132
4 2088 2132
2 1198 4633
4 1198 4633
5
4 390 4300
2 1198 1797
5
1 898
3 898
1 1941
4 1128 1864
3 1864
2 896 3421
2 896 1198
2 390 2500
1 1307
5
5
2 2500 4633
3 2859
4 896 1198
1 4256
4 146 4684
4 390 2500
3 3421
4 955 4300
3 1941
3 4300
1 2862
2 836 1907
4 1198 1797
3 2132
1 509
1 1982
2 3941 4684
2 3949 4256
5
2 390 4045
3 3941
1 1338
4 3949 4256
5
5
3 1585
3 1982
3 1338
5
1 4399
4 390 4045
5
5
4 836 1907
4 2500 4633
3 4399
1 4529
3 3949
1 2351
3 1797
5
3 4633
5
3 2041
2 509 896
3 4529
4 509 896
2 509 549
3 955
1 4429
3 1562
2 2500 4684
4 2500 4684
1 1761
5
4 509 549
1 1679
2 390 1907
2 2862 4256
3 2500
4 390 1907
4 2862 4256
2 1307 2049
1 4431
4 1307 2049
3 2088
2 836 1307
4 836 1307
3 549
3 4045
2 390 4256
2 896 1907
1 4299
5
3 4429
4 896 1907
5
2 4431 4684
1 1747
1 2464
1 3551
2 2862 4256
2 1907 2049
3 1761
5
3 1198
4 4431 4684
4 390 4256
1 3239
5
5
1 2937
2 1128 3239
4 1907 2049
4 2862 4256
4 1128 3239
1 919
3 4431
3 146
5
5
1 4545
2 836 3551
1 2017
2 1307 3239
5
3 836
1 2525
4 1307 3239
5
5
3 2525
2 509 2351
4 509 2351
2 919 3239
5
4 919 3239
1 4192
2 4545 4684
4 4545 4684
1 1882
3 1128
2 390 4192
5
3 1907
3 1342
5
1 945
2 509 2049
2 2017 4256
3 390
4 509 2049
4 2017 4256
3 1882
2 1747 2049
3 4256
3 3551
5
2 2017 4192
3 2937
1 551
1 1649
5
4 1747 2049
2 2883 4192
5
1 4680
5
1 4236
4 2883 4192
1 1444
1 1392
1 774
1 2808
1 1476
1 4244
5
4 2017 4192
5
2 2808 3239
2 896 2049
4 2808 3239
2 4244 4684
2 2351 4236
5
3 2883
5
5
5
4 2351 4236
3 774
3 4236
3 1444
3 1747
4 896 2049
1 1635
4 4244 4684
5
5
3 2464
1 1647
2 2862 4684
3 2351
2 509 1635
1 3627
3 896
5
3 4192
5
2 1647 4299
2 551 2049
3 1679
1 1526
4 551 2049
4 509 1635
1 1755
5
2 1635 3239
1 3631
2 1647 1755
5
1 3945
2 2862 4680
4 1647 4299
2 3631 4244
3 919
2 1392 4244
5
4 2862 4684
3 4299
1 265
1 3879
4 2862 4680
1 4298
3 1526
5
1 2365
1 3389
3 2017
2 945 3879
1 1714
3 3389
2 551 2862
1 4656
2 2808 3879
5
2 551 4244
3 2862
3 1476
2 265 4244
2 3945 4680
4 3631 4244
4 1635 3239
5
1 1643
3 2049
2 1635 1649
3 1392
2 265 3239
4 3945 4680
4 551 4244
4 265 4244
4 1647 1755
2 1647 4244
2 3631 4244
3 4684
5
4 2808 3879
4 1647 4244
1 1773
2 4244 4545
2 265 1643
5
4 4244 4545
5
5
5
4 945 3879
3 1773
3 1643
4 3631 4244
1 1116
5
5
2 1755 3879
1 4600
2 1116 4680
1 3115
1 2969
5
3 3945
4 1116 4680
5
5
2 1647 1649
5
4 1755 3879
5
1 2942
5
2 551 2808
4 1635 1649
2 2365 2808
3 551
4 1647 1649
5
4 265 3239
1 1887
5
5
1 2356
2 1116 1714
5
3 4298
4 1116 1714
5
1 438
4 2365 2808
5
1 2764
2 3631 4680
5
1 3073
2 2808 2969
2 3073 3239
2 2764 2808
5
3 1116
5
4 2764 2808
4 2808 2969
5
4 3631 4680
4 3073 3239
5
3 2969
5
3 945
2 1714 2356
3 265
4 1714 2356
5
5
2 1887 2942
1 1680
1 1917
2 1755 4545
2 1680 1714
5
2 3115 3631
3 3879
3 1917
3 2942
3 509
4 1680 1714
4 3115 3631
3 3073
3 3627
3 4244
5
3 3115
2 1635 1714
4 1755 4545
5
2 1714 2764
1 3232
4 1635 1714
4 1714 2764
5
1 4033
3 1635
3 4545
1 3379
1 1021
3 4656
1 27
3 4600
3 1307
3 4680
2 3379 3631
2 1021 1755
2 2764 3232
3 2808
5
1 795
3 1755
2 1714 4033
4 3379 3631
5
4 2764 3232
2 1021 1680
1 1712
1 2192
5
3 1680
2 3232 3239
5
5
1 3412
4 3232 3239
4 1714 4033
1 2792
5
5
5
1 1918
5
3 2356
1 1249
5
1 3998
3 2192
5
5
1 3702
5
5
5
3 1021
3 3631
5
5
5
3 1647
1 2017
2 2792 4033
4 2792 4033
2 1249 1918
2 795 3239
2 1714 3412
5
1 4687
3 2365
5
3 3379
4 1249 1918
5
3 4687
5
2 438 3232
1 467
1 655
4 1714 3412
1 485
2 485 1249
5
3 3998
3 27
2 1918 3412
1 1617
5
5
4 795 3239
5
5
1 4327
2 795 1249
4 438 3232
3 2764
3 1617
5
5
3 485
3 4033
4 795 1249
5
1 3663
2 1249 3702
3 3412
4 1249 3702
1 4006
2 1649 4006
1 1534
2 438 4006
5
1 767
2 2792 4006
2 1887 3239
2 655 3702
5
4 655 3702
1 3864
4 438 4006
5
3 795
2 438 1712
2 1712 3702
3 467
5
5
5
4 1712 3702
1 979
4 2792 4006
3 1712
4 1649 4006
4 1887 3239
3 4327
2 438 1249
2 1534 2792
5
1 1403
4 1534 2792
3 979
4 438 1249
3 2792
3 1649
5
5
2 2017 3232
3 655
1 2260
2 438 3702
4 2017 3232
1 911
4 438 3702
3 4006
1 2199
1 4722
5
3 3663
5
3 767
5
3 3232
1 1688
3 2199
5
3 1714
2 1534 1918
1 2120
5
1 1511
3 3864
2 438 3702
3 3239
2 438 1403
5
5
1 1855
1 3129
4 438 3702
2 1403 4722
5
2 1534 2120
5
4 1403 4722
2 1688 4722
4 1534 2120
4 1688 4722
4 1534 1918
1 917
1 4521
4 438 1403
3 917
5
3 4521
2 1249 3129
4 1249 3129
3 2017
5
3 1511
3 4722
3 438
5
1 3313
2 1249 1855
4 1249 1855
2 911 1918
4 911 1918
2 1918 2260
4 1918 2260
3 1403
3 3129
5
2 1688 2120
2 1887 3313
3 1918
3 3702
2 1688 3313
4 1887 3313
3 1249
4 1688 3313
2 2260 3313
1 2880
3 2880
2 1534 1688
2 1887 2260
1 3111
1 3398
4 1688 2120
4 1887 2260
1 0
2 1688 2260
4 2260 3313
2 1688 3111
2 0 1887
2 1534 3398
5
3 2260
3 1534
1 2489
5
3 1688
3 2120
2 911 1855
1 3539
2 1855 3398
3 2489
5
1 1444
3 0
5
2 1444 3111
5
4 911 1855
2 1444 3313
5
1 2904
5
2 3111 3539
5
5
4 3111 3539
3 3313
1 4582
4 1855 3398
4 1444 3111
2 1855 1887
2 1444 4582
1 1358
3 3111
2 1855 2904
1 1654
1 4650
5
3 1654
2 2904 4582
1 1827
1 4177
5
3 1358
4 1444 4582
4 1855 1887
2 1827 1855
1 2976
2 1855 4650
2 2976 3539
4 2904 4582
4 2976 3539
5
1 3395
2 1444 3539
4 1855 4650
5
1 1120
2 1887 4650
4 1855 2904
4 1444 3539
4 1887 4650
4 1827 1855
5
2 2976 3395
1 3502
5
5
4 2976 3395
5
3 3539
2 1444 2976
1 1074
3 1887
5
4 1444 2976
3 2904
1 3860
1 557
5
3 3502
2 1074 3860
4 1074 3860
5
5
5
5
1 1590
5
3 557
5
2 3860 4650
4 3860 4650
1 3976
2 1444 1827
5
1 856
4 1444 1827
5
1 2847
3 3395
2 911 4650
4 911 4650
5
1 4112
1 963
5
2 1074 1120
5
3 1827
5
1 3960
5
2 3960 4177
5
3 856
5
4 1074 1120
2 1855 2847
2 911 2847
5
2 2847 4650
4 3960 4177
1 639
4 911 2847
5
1 1443
1 1528
5
3 911
3 963
4 1855 2847
4 2847 4650
3 1074
5
1 1927
1 3351
2 3960 4177
4 3960 4177
1 2427
2 1443 3860
4 1443 3860
1 2683
3 1528
3 3976
2 2976 4177
1 833
3 3398
1 1891
4 2976 4177
5
1 929
5
3 4582
2 2683 3351
3 1855
4 2683 3351
3 3860
3 2427
3 2683
3 639
3 4177
2 1590 4650
3 1590
3 929
5
3 2976
5
2 833 2847
3 1120
2 833 1444
3 4650
4 833 2847
5
1 3334
2 3334 3960
1 439
3 1444
1 513
1 3353
3 3960
2 439 833
5
1 3703
1 1928
5
5
1 1150
1 3248
2 3248 3351
2 833 3248
2 3703 4112
5
1 1525
1 4273
3 1928
1 4667
2 513 4667
5
5
2 1891 4273
1 2071
4 3703 4112
1 770
5
3 3351
1 3187
2 770 3334
4 770 3334
3 1927
5
5
3 3353
5
5
1 1245
2 1150 3334
4 439 833
1 1940
1 68
5
5
2 1443 1525
1 280
1 1354
4 833 3248
4 513 4667
1 3537
2 770 3703
2 1443 4112
4 770 3703
1 3315
2 1245 4112
3 3537
2 3703 4273
3 1891
2 1150 3703
1 800
4 1443 4112
5
1 4456
4 1443 1525
5
3 3248
2 2071 3703
2 1354 3315
2 833 3703
3 4667
5
4 833 3703
5
5
3 833
4 1245 4112
1 1734
5
5
5
3 4112
5
4 2071 3703
3 3703
3 3334
1 687
2 687 1940
5
1 779
3 770
4 1354 3315
2 1525 2071
4 1525 2071
3 1734
1 4448
2 513 4448
3 68
2 2847 3187
4 513 4448
4 2847 3187
2 280 779
5
5
5
1 3355
2 2847 4273
3 2847
5
4 280 779
2 513 800
2 779 3355
2 280 3187
2 3187 4456
5
2 513 2071
4 779 3355
3 1525
4 3187 4456
4 513 2071
4 280 3187
3 1443
1 2278
2 2071 3355
5
4 687 1940
2 513 1245
1 756
2 1245 4456
2 1940 4456
1 274
2 513 1940
1 2616
2 3315 3355
2 800 4273
4 513 1940
3 3187
5
4 513 1245
1 3291
4 1940 4456
5
3 2071
1 811
1 3183
4 800 4273
3 4448
5
4 3315 3355
2 811 4456
4 811 4456
3 274
5
5
4 1245 4456
2 1150 3315
3 2616
1 4441
3 800
1 379
3 687
4 1150 3315
5
2 811 2278
4 811 2278
2 439 779
5
3 4456
1 3214
5
5
4 439 779
5
1 1264
5
3 1150
3 379
3 2278
5
3 280
2 3291 4273
4 3291 4273
1 3604
5
5
5
5
1 484
1 4184
3 4273
5
1 3541
1 3298
2 439 4184
5
2 1245 3298
3 3355
2 439 3541
5
1 3071
2 779 3291
1 199
5
2 513 1264
1 2550
2 4184 4441
5
4 4184 4441
2 513 3315
1 1306
5
2 756 3214
4 513 3315
5
3 779
1 3628
3 3183
1 3159
4 439 3541
2 484 3071
4 513 1264
5
3 3628
5
5
4 484 3071
1 3814
2 811 1354
4 756 3214
5
3 3159
4 811 1354
3 484
5
2 513 4441
5
3 756
2 513 3291
2 513 1306
3 513
3 1306
2 1940 2550
4 1940 2550
4 439 4184
2 2550 3814
4 2550 3814
5
1 1041
1 4356
2 1245 3604
1 1375
5
5
2 1375 3604
1 887
2 1375 3071
4 1375 3604
2 811 3315
1 920
4 1245 3604
5
3 3298
2 1245 3315
1 2848
5
4 1245 3315
2 2848 3071
2 1354 3291
2 887 3541
1 786
1 3582
2 439 1354
5
2 887 4441
1 3148
3 811
2 199 3582
2 887 1375
1 4611
4 1375 3071
1 2958
4 2848 3071
5
5
2 199 3315
3 920
3 1245
2 1375 1940
1 1652
2 3315 3604
1 2390
1 825
4 887 3541
4 1354 3291
3 3291
5
4 1375 1940
2 1264 2550
4 439 1354
1 714
3 3148
1 1814
5
5
1 1526
2 1264 3604
3 2958
3 3214
2 1526 1652
1 623
2 623 714
5
4 3315 3604
3 1652
5
4 199 3315
1 3043
2 1354 2848
1 3781
2 1526 3582
3 1526
5
4 1264 2550
2 887 3071
3 825
2 439 3541
1 2346
4 1264 3604
1 3029
2 3043 3781
3 199
4 887 3071
3 1264
2 1375 4184
2 4441 4611
3 4184
4 439 3541
2 2550 3071
1 2879
4 887 1375
5
2 439 3071
5
3 714
4 3043 3781
1 1169
5
5
1 3073
5
5
3 3043
1 3816
5
1 4262
4 1354 2848
1 127
1 3329
4 4441 4611
5
5
2 1169 2879
4 1169 2879
1 2680
5
4 887 4441
4 2550 3071
3 439
5
5
1 4096
5
5
3 4262
5
5
2 1375 3315
2 623 3315
2 887 4096
5
2 3604 4611
4 887 4096
2 3541 3816
3 1940
4 623 3315
4 3604 4611
3 3029
1 287
2 3781 3816
2 2879 3071
2 287 2390
1 961
5
3 3781
1 2430
4 287 2390
5
5
3 887
4 2879 3071
1 2709
3 4441
5
4 1375 3315
2 1375 3073
1 4717
3 1041
3 4096
3 2848
5
2 127 2390
5
3 2390
3 2346
4 1375 3073
3 4717
5
5
5
4 3541 3816
5
5
3 1375
5
1 4066
3 3604
1 251
2 251 2430
5
3 3814
2 3071 4066
1 849
3 4356
5
2 2680 3073
4 251 2430
4 2680 3073
1 3501
4 3071 4066
3 2709
2 786 3816
2 3071 3073
4 786 3816
3 849
2 287 4611
4 287 4611
1 3434
3 3501
2 127 2550
1 4234
2 1354 2680
1 344
5
1 4722
5
5
2 623 3071
4 3071 3073
1 3435
4 623 3071
4 1354 2680
5
5
5
4 127 2550
2 1169 4722
5
3 3434
5
3 3329
1 3056
4 1169 4722
3 2879
5
3 623
3 3816
2 127 961
1 506
4 127 961
2 2550 4066
1 3724
5
5
3 2550
2 3541 4611
1 2773
3 2430
5
3 3056
5
2 287 3315
2 506 2680
3 3724
4 506 2680
5
4 287 3315
3 4611
5
5
2 961 3071
2 287 3541
4 287 3541
2 1814 3541
5
2 961 4234
4 961 4234
2 127 4066
5
3 3315
2 287 4066
4 287 4066
4 961 3071
1 3778
5
5
3 2680
5
1 1262
1 3664
2 127 287
2 344 961
5
1 1583
1 4357
2 344 786
1 1075
5
4 127 287
5
3 1583
5
3 3541
4 127 4066
4 344 961
4 344 786
3 1262
2 506 4357
1 1135
2 3073 3664
3 4722
3 287
3 344
3 3435
1 3496
2 3073 3778
5
3 786
3 3664
4 3073 3778
2 2773 4066
1 3656
1 2299
4 506 4357
4 2773 4066
3 3656
1 3091
3 4066
3 251
5
1 133
5
5
2 961 2773
5
1 3590
3 4234
5
3 3590
5
4 961 2773
3 3073
3 3778
2 133 3071
4 133 3071
5
1 2571
5
3 2571
1 1477
5
2 2299 4357
5
4 2299 4357
3 961
2 1169 2773
1 261
4 1169 2773
3 3582
5
2 1075 3496
3 127
4 1075 3496
5
1 2494
2 1354 2299
2 1135 2773
2 1169 1814
5
3 1075
3 2773
5
1 1752
1 1091
5
4 1354 2299
4 1169 1814
2 506 3091
2 1091 3496
1 279
1 3133
2 1477 3496
5
5
4 506 3091
1 4081
3 1814
2 3071 3091
5
3 279
3 1354
1 1087
4 1091 3496
3 4081
4 3071 3091
5
4 1477 3496
1 1894
3 506
3 133
2 2299 2494
4 2299 2494
3 1169
1 583
2 1135 1477
4 1135 1477
5
3 4357
3 3091
2 1135 2494
3 1087
4 1135 2494
5
3 583
1 1211
2 1135 3496
1 661
1 72
5
4 1135 3496
5
5
5
2 2494 3496
3 72
3 661
3 1752
1 2035
1 2145
1 2602
5
5
5
3 261
5
5
1 2850
2 1211 3133
1 1815
1 1092
2 2299 3133
3 2299
1 1112
4 2494 3496
4 1211 3133
5
2 1135 1894
1 3546
3 1815
3 1112
4 1135 1894
3 3133
1 2100
3 2100
5
5
5
3 2850
1 4485
3 3496
2 2035 2494
4 2035 2494
5
2 2035 2602
3 1135
5
3 1894
5
3 1091
5
5
5
1 538
2 1211 2494
1 4067
5
3 1211
5
3 538
2 2602 4067
2 2035 4067
1 1176
4 2035 2602
1 2211
4 2035 4067
3 1092
2 1477 2211
2 3071 3546
1 4593
4 1477 2211
2 2602 3071
3 4067
3 1176
2 2494 4485
3 2145
5
4 3071 3546
5
2 2494 3546
2 3546 4593
4 2602 3071
3 2602
2 2211 3546
5
5
3 2494
3 3071
4 3546 4593
3 4593
1 330
2 330 4485
2 2035 4485
4 2035 4485
5
5
5
1 3319
1 429
5
3 2035
4 2211 3546
3 429
1 193
5
3 330
3 3319
1 2971
1 726
5
5
5
5
3 4485
1 2721
5
1 289
3 193
5
2 289 2721
4 289 2721
3 2721
3 1477
2 289 3546
4 289 3546
5
2 2211 3546
4 2211 3546
2 289 2211
4 289 2211
5
2 289 3546
5
3 2971
5
1 794
3 3546
3 726
3 2211
5
2 289 794
4 289 794
3 794
5
1 2343
2 289 2343
5
1 3250
5
2 289 3250
4 289 3250
2 289 3250
5
1 3889
4 289 3250
3 3250
2 289 3889
3 2343
5
1 2366
3 289
2 2366 3889
3 2366
3 3889
1 1133
1 238
1 98
1 1623
1 1796
3 98
1 4646
3 1623
5
5
5
2 238 4646
5
5
1 1310
4 238 4646
1 918
3 1310
1 1505
5
1 3956
3 1505
1 38
5
1 4645
3 1133
3 3956
3 4645
2 38 918
4 38 918
2 918 4646
4 918 4646
1 3014
2 38 4646
2 238 918
2 918 1796
1 2208
5
2 38 1796
5
5
5
3 3014
1 321
3 321
3 238
1 3556
2 918 2208
5
1 1772
2 1772 3556
2 918 1772
3 3556
4 918 2208
2 918 4646
1 3560
4 38 4646
2 38 3560
4 918 4646
5
1 3603
5
3 3603
5
5
4 38 3560
1 1013
4 918 1772
2 1013 4646
2 38 3560
4 918 1796
1 1287
2 1796 4646
3 38
3 2208
3 918
1 1260
1 3736
2 1260 4646
2 1260 3736
5
2 1013 1796
5
1 1939
4 1260 4646
2 1796 3736
5
5
4 1796 4646
2 1260 4646
1 1632
1 1575
1 4220
5
3 1260
3 3736
2 1013 1939
2 1575 3560
3 1632
1 2062
1 4528
3 4528
2 1287 2062
4 1013 4646
3 4646
4 1575 3560
5
4 1013 1939
1 3732
1 945
4 1287 2062
5
3 2062
3 945
5
3 3560
2 1287 1772
1 2632
3 4220
5
3 1796
2 1575 1939
4 1575 1939
1 2749
1 1082
1 1511
3 2632
1 2941
2 1939 2941
1 2176
5
3 1013
4 1939 2941
1 3243
5
3 1287
1 3029
1 2510
5
2 1511 3243
5
2 1575 2749
5
1 2567
3 2941
2 1082 2176
5
2 1772 3732
4 1082 2176
1 2325
3 2325
5
4 1511 3243
1 122
4 1772 3732
4 1575 2749
3 1511
2 122 1575
3 2510
5
1 1382
5
2 1082 2176
1 769
3 1939
4 1082 2176
5
3 1575
1 3919
3 2176
3 122
5
3 1772
2 2567 3732
3 3243
4 2567 3732
1 2161
3 3029
5
3 769
1 191
1 1914
1 2224
5
1 2562
1 3611
3 2562
2 1082 2161
4 1082 2161
5
5
1 1990
3 2749
1 3809
2 191 1990
2 191 2161
2 1082 1990
5
2 1914 3732
1 3870
2 191 2567
2 1990 2567
3 2567
1 755
3 3732
3 2161
1 3329
3 755
5
5
1 4357
3 1914
2 2224 4357
4 2224 4357
3 1082
2 1382 3611
4 191 1990
3 4357
1 1961
3 3329
3 191
5
5
1 2319
5
4 1382 3611
5
5
2 1961 2224
5
3 2319
3 1990
2 1961 3919
5
2 1961 3809
2 1382 3809
4 1961 3919
5
3 3809
2 1382 1961
4 1382 1961
2 1382 1961
5
5
3 1961
5
1 1954
1 2814
3 3611
3 1954
1 2136
5
1 1611
1 4322
1 909
1 3598
5
2 1382 1611
3 1611
5
5
2 2136 4322
4 2136 4322
1 3815
1 712
3 2136
2 712 2224
3 2814
5
4 712 2224
1 3859
5
2 3859 4322
1 1784
5
5
5
5
1 237
4 3859 4322
5
2 909 3815
5
3 909
2 3859 4322
3 4322
3 3870
2 712 3815
5
3 1784
4 712 3815
5
5
2 3859 3919
1 3034
1 1424
2 2224 3034
4 2224 3034
5
2 712 3919
4 712 3919
3 712
1 1825
5
3 1424
3 3598
2 3034 3815
3 3859
1 4567
4 3034 3815
5
5
2 3034 3919
1 2780
4 3034 3919
3 237
3 3034
1 4344
3 1825
3 4567
2 2780 4344
2 2780 3919
2 1382 2780
2 2224 3919
2 3919 4344
2 2780 3815
5
3 4344
5
5
2 1382 2224
5
1 1869
5
3 1869
1 4328
2 3815 4328
3 4328
5
2 3815 3919
5
3 3919
3 1382
1 3801
1 663
4 2780 3815
1 383
3 383
2 2780 3815
5
3 3801
3 663
1 122
5
4 2780 3815
5
5
3 2780
2 2224 3815
3 3815
5
2 122 2224
1 2805
2 122 2805
2 2224 2805
5
5
5
1 1498
2 1498 2805
3 1498
3 2805
1 2978
2 2224 2978
3 2224
5
5
3 122
5
5
3 2978
1 1181
5
3 1181
1 88
3 88
5
1 1687
5
3 1687
1 953
1 3471
2 953 3471
4 953 3471
1 2958
5
5
3 2958
2 953 3471
5
5
1 2633
1 624
1 4552
4 953 3471
1 1
5
1 1103
1 658
5
5
2 1 3471
4 1 3471
2 953 2633
2 1 2633
4 953 2633
1 3581
1 1834
5
3 953
3 1103
2 1 658
1 4197
2 624 658
3 658
1 687
1 4346
4 1 2633
3 1
2 3581 4552
3 3581
5
5
3 3471
2 2633 4346
1 1543
3 687
4 2633 4346
3 2633
3 4552
2 1543 4197
3 1543
1 2556
5
3 624
5
1 2167
5
3 1834
2 2167 4346
2 2167 2556
3 4197
5
2 2556 4346
1 1056
4 2167 4346
2 2167 4346
5
4 2167 4346
3 2556
2 1056 2167
1 4380
5
2 2167 4380
4 1056 2167
4 2167 4380
3 4380
2 2167 4346
2 1056 2167
2 1056 4346
3 4346
3 1056
1 506
5
3 2167
3 506
5
5
1 4642
1 2581
3 4642
5
1 2444
5
2 2444 2581
1 1989
2 1989 2581
3 2581
2 1989 2444
3 1989
5
1 4285
1 1933
1 1462
2 1462 2444
3 1933
5
1 2783
5
2 1462 2783
1 4183
1 1398
3 1462
1 1857
2 2444 4183
4 2444 4183
5
3 2444
1 1069
1 171
2 1069 4285
1 850
4 1069 4285
3 4183
5
5
5
1 3401
5
1 3263
2 1069 2783
4 1069 2783
5
1 4130
1 787
3 1069
1 579
2 3263 4285
1 1297
3 787
5
4 3263 4285
2 579 3263
4 579 3263
1 4359
2 1857 3263
4 1857 3263
3 4285
3 4130
2 579 1857
1 985
4 579 1857
3 579
5
3 1297
2 3263 4359
2 850 4359
2 1398 3401
2 1857 3401
1 3565
4 850 4359
5
5
1 2676
5
3 3565
1 1988
3 850
5
3 985
3 1988
5
5
2 2783 4359
3 171
2 1857 2783
5
3 3263
5
4 2783 4359
3 2783
5
4 1398 3401
4 1857 3401
2 1398 1857
3 1398
5
2 2676 4359
1 4326
2 4326 4359
1 811
5
5
3 2676
5
3 3401
5
4 4326 4359
5
2 811 1857
2 811 4359
4 811 1857
4 811 4359
5
1 1834
5
2 811 1857
2 811 4326
3 4326
4 811 1857
3 1834
2 1857 4359
1 943
4 1857 4359
5
5
5
3 811
5
2 943 4359
5
4 943 4359
5
3 4359
2 943 1857
4 943 1857
3 1857
3 943
5
1 3526
1 258
1 1886
2 1886 3526
1 1381
2 1381 1886
1 3139
3 1886
2 1381 3139
2 258 3526
5
1 3899
5
5
4 258 3526
3 3139
3 258
1 215
2 1381 3526
1 211
3 3526
2 211 1381
4 211 1381
1 1212
1 3879
2 211 1381
4 211 1381
2 215 3879
3 215
1 1667
3 3879
1 3580
2 1667 3580
5
4 1667 3580
2 211 1212
2 3580 3899
2 1381 3899
3 3899
1 4095
1 1922
5
5
3 1212
2 1381 3580
2 211 1922
5
5
1 4406
2 211 1667
2 1667 4095
5
5
5
2 1922 3580
3 1381
1 1379
2 1667 4406
2 4095 4406
1 2061
5
2 1379 1667
5
3 4406
3 1667
4 211 1922
2 211 4095
1 3288
3 4095
2 2061 3580
1 758
2 211 1922
4 2061 3580
5
3 1922
3 2061
2 1379 3288
4 1379 3288
5
3 1379
3 758
2 3288 3580
2 211 3580
5
4 3288 3580
1 138
1 3054
1 1191
2 138 3288
5
1 4049
4 138 3288
5
1 3187
3 3054
3 3288
5
5
1 1063
1 940
5
5
3 3187
2 138 3580
1 4057
3 138
2 211 4049
2 940 4057
5
5
4 211 3580
5
4 211 4049
4 940 4057
5
5
3 4057
5
1 4700
5
2 1191 4049
5
3 940
5
1 3074
3 211
4 1191 4049
5
5
2 1063 4700
1 3749
1 4598
5
4 1063 4700
3 3074
3 3749
5
1 3731
1 3586
5
2 4049 4598
5
1 3608
3 3731
3 3580
3 4700
3 3586
4 4049 4598
3 3608
3 4598
1 3993
3 4049
3 1063
1 2316
5
1 2031
5
5
1 3255
2 1191 2031
5
2 2031 3993
5
1 1841
4 2031 3993
1 3687
1 3161
1 2965
3 3993
2 1841 2965
3 1841
5
5
3 2031
5
2 3161 3255
3 2965
1 2928
1 4718
2 3687 4718
3 1191
3 3161
3 4718
5
2 3255 3687
1 3042
1 4400
5
3 3687
1 2207
3 3255
3 2207
5
1 4376
1 1143
2 2316 3042
3 4376
1 4131
5
3 1143
5
2 2316 4131
1 1387
5
1 2866
1 4408
4 2316 4131
3 2928
3 4131
1 1338
3 4400
5
1 1964
1 2268
3 1338
4 2316 3042
1 202
3 202
1 2239
1 4704
5
3 2316
5
5
1 3909
3 3042
3 1964
3 2239
2 3909 4408
5
2 2866 3909
3 2268
4 3909 4408
3 2866
2 1387 4704
3 4408
4 1387 4704
3 3909
3 4704
5
5
3 1387
1 827
3 827
5
1 1569
3 1569
5
5
1 4056
3 4056
5
5
1 1331
1 2139
1 2208
3 1331
3 2208
1 665
3 665
1 3182
3 2139
1 1806
5
2 1806 3182
3 1806
1 632
1 970
5
5
2 632 3182
2 632 970
1 2350
5
3 3182
1 3405
4 632 970
1 2798
3 2798
5
1 4280
1 695
5
3 632
1 3048
5
3 2350
1 758
2 695 3405
5
4 695 3405
2 695 3405
4 695 3405
1 3638
1 2620
1 4284
5
5
3 970
5
1 1973
5
1 3083
1 2684
2 695 3405
2 2620 3083
5
2 695 758
5
5
3 3048
1 2880
4 695 758
2 3083 3638
5
3 1973
4 2620 3083
4 3083 3638
4 695 3405
5
1 3512
2 2880 3512
1 3826
2 3405 3826
4 2880 3512
2 758 3083
1 1962
2 1962 3826
3 3083
5
1 2349
4 1962 3826
3 1962
4 3405 3826
2 2620 3638
3 4284
3 3638
1 3546
1 3467
2 3826 4280
1 3068
2 2349 3546
2 2684 3512
1 3809
5
2 695 3546
4 3826 4280
5
1 2601
3 2684
5
5
5
2 3467 3826
3 3068
3 695
4 2349 3546
5
1 2385
3 2880
1 3360
3 3405
4 3467 3826
5
2 758 3546
4 758 3546
1 769
2 769 3826
3 2620
4 769 3826
3 2349
1 4632
1 1271
3 3467
3 1271
2 3512 3546
1 4364
4 3512 3546
2 2601 3826
1 2101
2 3512 3546
3 2101
1 4714
3 3809
2 2385 3360
1 4646
2 4280 4364
2 2601 4280
3 769
1 436
5
4 2601 3826
5
4 2601 4280
4 2385 3360
4 4280 4364
1 2730
3 2730
1 934
5
1 2888
3 4364
3 2385
1 2125
5
5
3 4280
2 758 4714
5
1 3150
2 934 2125
2 2125 2601
1 1187
2 758 2125
5
1 2277
5
4 934 2125
2 1187 3360
1 102
2 2125 3150
1 4243
1 4025
1 4215
4 758 4714
5
1 2314
1 382
1 2296
3 4646
2 1187 3512
3 3512
3 4243
5
3 1187
5
3 102
1 1629
1 719
3 2277
2 2314 2601
3 4215
4 758 2125
4 2125 3150
5
2 2296 2888
3 3150
5
4 2125 2601
2 1629 2888
2 382 2601
1 3276
2 758 2314
5
5
5
5
1 4157
4 2314 2601
3 1629
4 382 2601
5
4 2296 2888
5
2 2314 3826
4 758 2314
4 2314 3826
1 2961
5
5
5
2 719 2961
4 719 2961
5
3 3360
3 2961
1 2855
2 2125 4632
2 3546 4714
1 1663
4 3546 4714
2 2888 4632
1 2749
4 2125 4632
4 2888 4632
5
2 2888 4025
5
5
2 719 3276
2 2888 4157
3 3276
4 2888 4025
4 2888 4157
1 4605
1 2741
5
3 934
2 1663 2601
4 1663 2601
3 2741
3 4157
5
2 436 2601
4 436 2601
3 4632
5
1 826
1 4304
3 436
2 2314 2855
5
1 3034
2 2296 2601
4 2314 2855
5
2 826 2855
2 382 2888
4 826 2855
3 3546
3 2296
1 3345
5
5
5
5
2 3826 4714
1 1578
1 3639
4 3826 4714
2 826 3034
2 826 1663
2 758 2855
4 758 2855
5
2 2125 2601
4 2125 2601
4 826 3034
3 4304
2 2601 3345
4 2601 3345
4 382 2888
5
1 2246
1 791
2 2246 2314
1 3980
2 2125 2749
4 2246 2314
2 758 791
4 758 791
4 826 1663
1 3580
3 719
4 2125 2749
3 2888
2 826 3580
1 4484
4 826 3580
3 791
2 3980 4025
4 3980 4025
3 2601
1 4609
3 2246
1 3118
2 3826 4609
3 3980
1 2094
3 4605
5
1 1469
5
1 1905
3 826
3 1469
5
1 2712
5
5
1 1763
2 2094 2855
4 3826 4609
4 2094 2855
2 1763 1905
4 1763 1905
5
1 3908
1 4124
1 3516
5
5
5
5
1 4629
3 4124
1 3840
2 3516 4025
5
2 2712 2749
2 1763 2094
4 2712 2749
5
4 3516 4025
3 3580
5
3 1905
2 1763 2855
2 1578 3826
1 1033
5
3 3908
2 1763 2749
5
2 1663 4484
1 1719
4 1763 2749
5
2 2855 3826
1 4112
3 1763
1 2679
3 4714
2 758 3034
3 2749
2 3118 3840
4 1578 3826
4 1663 4484
4 2855 3826
5
3 2094
1 1073
5
4 758 3034
1 3030
4 3118 3840
5
3 3840
5
3 4609
5
5
2 2712 3516
4 2712 3516
2 1663 2314
5
1 3302
3 4629
5
2 1663 3034
3 3030
1 1532
5
5
5
1 280
1 3946
3 2679
5
4 1663 3034
3 382
2 280 2855
2 1663 1719
2 3345 4025
5
4 1663 2314
1 4567
5
5
4 280 2855
2 1073 1578
3 3516
3 3345
2 280 3302
2 4025 4484
2 2855 4112
5
5
5
4 280 3302
1 4514
3 2712
3 1719
4 4025 4484
5
3 2125
1 2927
5
2 3639 4514
4 2855 4112
2 2314 4484
2 4112 4514
5
3 4484
2 280 3826
2 1663 4025
2 4025 4514
4 1073 1578
1 4071
3 3302
3 3639
3 1073
4 4025 4514
3 3034
2 1578 3826
4 1578 3826
4 4112 4514
4 1663 4025
1 4688
4 280 3826
5
2 4071 4688
1 4659
5
1 450
3 4025
1 4029
3 1578
2 1663 3118
5
4 1663 3118
1 752
3 758
1 4161
2 1663 2855
4 4071 4688
2 2314 4029
1 4505
1 94
2 1532 3118
4 1532 3118
2 752 4659
3 4112
3 3118
4 752 4659
3 2927
1 1713
2 94 2855
5
4 94 2855
4 1663 2855
1 3232
3 4514
5
2 752 4505
2 450 4029
4 450 4029
3 1033
5
5
4 752 4505
5
5
5
2 1532 2314
5
3 3946
5
5
5
4 1532 2314
1 2963
2 3232 3826
4 3232 3826
1 2589
2 752 4659
1 604
2 450 2963
5
1 790
2 4029 4071
5
4 450 2963
5
3 1663
1 1715
2 450 752
3 1532
4 4029 4071
5
3 4567
2 2589 4071
1 1057
2 1057 3232
3 4029
5
5
5
5
1 1525
1 1124
4 2589 4071
1 1858
4 752 4659
4 450 752
3 1057
5
1 508
2 94 2314
1 3146
5
1 4164
3 450
1 1104
2 1713 2855
4 94 2314
2 1715 4505
5
5
3 2855
3 3826
1 3292
3 508
5
2 752 3146
2 1713 3146
1 414
3 1713
5
2 752 3232
2 2963 3232
1 3014
4 752 3146
2 280 1525
4 2963 3232
2 790 3232
5
1 82
5
1 2938
4 1715 4505
3 82
4 790 3232
2 414 2963
1 1092
2 1104 3146
2 280 4164
5
4 1104 3146
1 1676
1 3446
2 752 2938
5
2 414 2314
5
2 1676 4071
3 1676
4 414 2963
3 1092
5
3 604
2 2938 4161
2 280 2589
3 4688
3 790
3 3292
4 752 3232
2 2589 3014
5
2 2589 4164
1 3337
4 2938 4161
1 2731
4 280 1525
4 2589 3014
2 3014 3146
2 2589 3146
2 3232 3337
3 4659
3 3146
1 788
2 2731 4505
5
4 280 4164
4 752 2938
1 3385
5
3 3337
3 3014
3 3232
4 280 2589
3 1715
1 4482
1 597
5
5
1 1444
3 4482
3 2963
1 1959
2 280 2314
5
4 280 2314
2 2731 3446
3 4505
3 2731
3 4071
3 4161
5
5
3 752
5
2 1104 1959
1 2659
1 4615
1 4516
1 4107
1 367
1 4295
2 4516 4615
2 94 1959
2 367 2659
2 1959 4107
5
4 367 2659
5
3 2314
5
5
1 1786
4 94 1959
5
1 3803
2 597 2938
3 1104
3 4516
5
3 788
5
1 912
1 1607
2 2589 3803
5
5
2 367 1607
4 2589 4164
5
5
1 238
3 3385
2 912 2659
5
5
2 414 3803
5
4 597 2938
4 912 2659
3 3803
5
3 2589
5
4 367 1607
4 1959 4107
1 4232
3 1959
1 2578
2 1525 4164
3 94
2 912 1607
4 1525 4164
1 3768
1 1875
4 912 1607
1 1825
1 134
5
5
5
3 1444
2 597 4615
1 636
2 636 1607
3 1875
4 597 4615
3 3446
2 636 4164
3 134
2 636 4295
4 636 4164
1 2078
1 3086
4 636 4295
5
5
2 1786 4615
5
5
5
1 600
3 4232
5
2 1607 4295
1 490
5
5
5
5
4 1786 4615
1 877
5
2 1825 2659
5
3 600
2 367 912
2 597 2078
1 1226
4 597 2078
4 1825 2659
5
1 3955
3 4164
3 2938
4 1607 4295
5
3 4107
1 1763
4 367 912
2 1825 3086
1 1050
1 3871
5
4 636 1607
3 1763
2 1525 3086
5
2 1525 3955
2 597 912
1 850
2 877 2578
3 414
1 4634
4 1525 3086
2 1124 2578
4 1825 3086
2 912 2078
1 3330
5
2 1786 4295
4 1525 3955
2 912 1226
3 3086
4 1786 4295
5
2 280 1858
4 912 1226
5
3 912
2 850 1607
5
4 280 1858
4 850 1607
2 850 2659
4 1124 2578
4 850 2659
1 4532
4 877 2578
3 1607
3 3330
3 280
5
5
5
5
1 2762
5
2 2659 4532
5
2 597 4532
5
5
5
2 1525 1825
4 2659 4532
5
4 1525 1825
3 1858
5
3 1825
2 1226 2659
2 367 2078
1 2258
5
5
2 490 2078
4 367 2078
3 1786
2 636 1525
5
3 2659
1 1646
5
1 4575
5
4 597 4532
1 2250
3 3871
4 490 2078
5
2 597 1050
2 850 1124
4 597 1050
1 2660
5
5
2 1124 4532
5
1 2605
2 2258 2605
2 597 4575
4 597 4575
1 2886
1 379
1 3234
1 600
3 4532
2 597 3955
3 1646
3 2762
2 379 2886
4 379 2886
3 3955
3 2250
4 636 1525
4 2258 2605
1 1519
2 597 4615
3 4575
3 2886
3 4615
3 238
4 850 1124
3 850
1 3605
3 1519
3 367
5
1 3349
2 490 2660
3 379
1 4098
2 3349 4098
3 1124
3 4634
4 490 2660
4 3349 4098
1 2174
2 2078 3349
3 3605
4 2078 3349
5
2 2078 3768
1 1619
2 1226 2078
1 2762
5
1 2749
4 1226 2078
5
5
4 2078 3768
3 2174
5
1 164
5
3 1050
2 597 636
3 877
2 490 1619
5
4 597 636
3 164
4 490 1619
3 3234
1 4239
3 1226
2 600 2078
3 2078
3 4239
3 600
3 4295
5
2 1525 2258
1 4456
1 2384
1 3742
4 1525 2258
5
2 2384 3742
1 2271
1 4590
4 2384 3742
5
1 1033
1 3452
3 2258
3 1619
2 2384 3452
5
4 2384 3452
5
2 2762 4590
1 1270
1 3302
5
3 597
1 4315
4 2762 4590
1 154
2 3768 4315
5
4 3768 4315
2 1525 2271
3 3302
5
4 1525 2271
3 3452
3 3768
1 4089
2 2660 2762
4 2660 2762
3 2384
5
5
5
5
2 3742 4098
2 636 4098
3 490
1 973
2 2605 2762
4 2605 2762
2 2578 4089
1 3929
4 636 4098
2 154 636
5
5
3 4590
3 636
2 2271 3742
2 973 2660
4 2578 4089
3 2749
5
5
2 2660 4098
3 2578
1 2074
3 2762
1 4493
5
1 3847
3 2074
2 2605 2660
4 973 2660
2 3847 4456
5
1 4434
5
1 874
2 4089 4434
5
3 2660
3 3349
4 3742 4098
3 154
4 3847 4456
2 973 3847
1 1362
3 3847
2 1362 4456
3 2605
5
3 1362
2 1033 1525
1 2909
2 2271 4315
4 1033 1525
1 587
5
3 4434
4 2271 4315
3 3929
2 1525 4315
5
2 2271 4493
4 2271 3742
4 1525 4315
2 973 1525
3 4098
4 2271 4493
4 973 1525
3 4456
5
1 3555
3 3555
3 874
5
1 2714
3 1033
3 1525
5
3 2271
2 973 4315
1 581
1 4501
4 973 4315
2 587 4315
1 3418
2 1270 3742
2 2714 4501
1 1
5
5
5
5
4 587 4315
4 2714 4501
4 1270 3742
5
2 1 3418
3 587
4 1 3418
2 3418 4501
4 3418 4501
2 2909 4501
3 1270
3 973
3 2714
1 2753
5
2 1 2909
5
2 3742 4315
2 3418 4089
1 3311
3 3311
1 3555
5
5
2 581 3555
5
5
2 1 4501
5
5
3 4493
1 4731
2 2753 3418
2 4089 4501
4 4089 4501
4 581 3555
1 4537
3 3418
2 1 3555
5
2 3742 4731
4 1 3555
3 3742
3 581
1 791
3 3555
1 1540
5
1 2319
2 1 4089
4 1 2909
4 1 4501
5
1 3579
2 1 1540
2 791 2753
1 81
5
1 4418
3 2909
3 4537
1 3284
4 1 4089
1 2837
4 791 2753
3 4089
3 81
4 1 1540
1 3491
2 3284 4315
2 791 3579
4 3284 4315
3 2319
1 1829
4 791 3579
5
2 2753 3284
2 4315 4501
4 4315 4501
1 2295
1 4042
1 2220
5
3 791
3 1829
4 2753 3284
5
5
5
5
1 2693
3 3491
1 3655
5
1 3004
5
5
3 4501
5
2 1540 2753
4 1540 2753
2 2220 2295
4 2220 2295
1 3646
1 4120
3 2837
2 1 2753
2 2220 4120
4 1 2753
3 3004
1 1993
1 1591
4 2220 4120
2 1591 4315
2 1591 3655
2 1591 2693
3 3646
1 1602
3 1602
1 1887
4 1591 4315
4 1591 3655
3 2753
2 3579 4731
3 2220
1 616
2 1540 2295
5
3 4418
1 4115
4 3579 4731
3 2295
4 1591 2693
1 942
2 1 4120
4 1 4120
1 1892
1 1915
1 3829
5
5
2 1892 2693
5
4 1892 2693
3 3284
1 811
5
1 594
2 1993 4042
3 594
4 1993 4042
5
2 1887 4115
4 1887 4115
2 1892 3579
2 1887 3655
2 942 1591
3 616
3 1540
3 4120
3 3655
3 811
2 942 2693
2 1887 1915
5
4 942 2693
1 2007
3 942
4 1887 1915
4 1892 3579
5
2 1887 2007
1 3883
3 2007
3 1887
5
3 1591
2 1892 4115
4 1892 4115
1 2355
5
3 1
1 3844
1 231
3 3883
5
2 231 4042
4 231 4042
2 231 4115
4 231 4115
5
1 4294
2 1892 1993
5
4 1892 1993
5
3 3579
3 1993
3 2693
3 1892
1 1841
1 177
1 2567
2 177 1915
5
1 4463
3 4042
1 992
4 177 1915
2 4463 4731
5
5
3 2355
1 408
3 4463
3 4731
3 231
1 1783
2 992 1915
5
3 4315
3 2567
4 992 1915
1 3871
2 1783 3844
3 3871
5
3 4115
1 1189
4 1783 3844
2 1915 4294
3 1915
2 1783 4294
2 1189 3844
5
4 1783 4294
5
1 748
5
1 3391
1 560
1 719
1 2603
2 1841 2603
3 1783
3 2603
4 1189 3844
5
5
3 177
3 408
5
5
1 3778
3 992
5
2 748 3829
1 785
2 1841 4294
3 3844
5
4 748 3829
2 3391 4294
4 3391 4294
4 1841 4294
2 748 1841
2 560 3778
5
4 748 1841
4 560 3778
5
3 748
1 2870
2 2870 3778
2 1841 3778
5
4 2870 3778
3 785
2 3778 4294
2 1841 3829
4 3778 4294
1 3878
2 3778 4294
5
1 2116
5
3 1189
5
2 719 3829
5
4 1841 3778
3 2870
1 4396
1 2992
5
4 3778 4294
1 2063
1 299
4 1841 3829
4 719 3829
1 2090
2 560 3829
4 560 3829
3 2090
3 719
1 4110
5
5
1 3256
2 3829 3878
2 3256 3778
5
5
4 3829 3878
5
5
1 4590
5
1 1195
2 3256 4110
2 3829 4590
2 299 2116
4 299 2116
1 2946
3 4294
5
2 2116 4396
1 4157
5
2 2992 4110
4 2116 4396
2 299 560
2 3778 4590
5
1 4220
5
5
4 299 560
3 3878
4 3256 3778
3 3778
4 2992 4110
3 560
3 4110
1 608
3 2063
1 2266
1 4361
4 3829 4590
2 2266 3391
4 2266 3391
5
1 350
2 299 2266
4 299 2266
3 2116
2 2946 3391
1 2304
1 3039
4 2946 3391
2 2992 3256
1 4721
1 4105
5
2 2266 2992
3 1841
2 3039 3256
1 126
1 2034
4 2266 2992
3 4396
1 4142
2 2266 4142
4 2992 3256
5
2 2034 4361
2 2992 3829
3 3039
4 2034 4361
1 1584
1 1562
5
2 2034 4220
2 2946 4142
3 2034
3 608
2 4142 4590
4 2266 4142
2 3391 3829
1 213
1 757
5
3 4142
3 3256
5
3 3391
2 126 2946
5
1 1807
3 4721
2 299 4220
4 126 2946
4 299 4220
3 3829
5
1 2050
3 1584
5
3 4361
5
2 4105 4157
4 4105 4157
1 4651
2 1195 1562
5
1 512
5
3 1195
3 4220
5
2 512 4651
1 1212
3 350
4 512 4651
2 1562 2266
1 268
3 757
3 4590
2 2946 4105
4 2946 4105
2 2266 4157
4 2266 4157
2 1212 2992
2 299 2304
2 1807 2304
1 1983
3 1212
4 1562 2266
5
5
4 299 2304
2 512 2946
4 512 2946
2 1807 2266
4 1807 2304
1 773
2 1562 1983
2 299 1807
1 4695
1 3307
1 3568
1 3315
2 2946 4651
1 748
4 1807 2266
2 2050 2304
3 213
1 1634
4 2946 4651
5
5
1 300
2 2946 4157
5
5
2 299 512
3 268
5
3 2946
5
5
3 3568
3 4695
2 300 1807
1 3133
1 3148
3 3133
1 4034
5
5
5
4 300 1807
4 299 512
2 1634 2266
1 1045
3 3315
1 987
1 3818
1 2448
3 4651
5
1 4637
3 512
4 1634 2266
5
1 1591
4 299 1807
5
4 1562 1983
5
1 2523
1 3495
4 2050 2304
2 2523 4034
1 4393
1 4513
2 1634 4157
2 4393 4513
3 4637
4 4393 4513
4 2523 4034
5
4 1634 4157
1 2178
5
2 2304 4393
5
4 2304 4393
3 4157
2 1983 2304
1 891
3 1591
4 1983 2304
1 3218
3 3148
3 1634
3 987
5
3 3495
5
3 1983
3 1807
3 299
5
3 3307
3 3218
5
1 3891
5
1 2915
3 2178
2 3891 4105
2 2266 4513
1 3697
1 3009
3 1562
5
5
2 748 2304
3 3891
3 4393
1 4098
1 4655
3 2992
1 4011
4 2266 4513
5
3 891
3 2266
4 748 2304
2 3009 4011
4 3009 4011
3 4034
3 2523
2 300 2304
3 4098
2 773 2915
3 4105
2 4011 4655
5
4 773 2915
1 2868
3 4655
2 126 4513
2 126 2448
3 300
1 1703
2 2050 2915
4 126 4513
4 2050 2915
4 126 2448
2 2304 2915
4 2304 2915
1 3284
3 126
2 1703 2304
3 4513
2 748 1703
1 483
4 1703 2304
2 773 4011
1 4562
5
4 773 4011
3 3284
4 748 1703
5
1 364
3 3009
5
3 2050
3 483
1 3568
5
5
1 4587
5
5
5
1 2458
3 748
5
2 2304 2448
2 773 2868
2 2304 3697
5
3 4011
4 2304 2448
4 2304 3697
4 773 2868
2 364 2304
2 3568 3818
3 3568
4 364 2304
3 2304
2 3697 4587
4 3697 4587
5
3 3697
5
2 364 4562
3 3818
4 364 4562
2 2448 4562
1 2500
3 2868
4 2448 4562
2 1703 2448
3 2915
3 1045
2 773 1703
4 773 1703
2 2500 4562
5
1 3413
1 365
4 2500 4562
2 1703 2458
5
3 2500
3 773
1 3360
3 1703
1 2609
1 4172
3 2458
1 2099
1 370
1 4629
3 4629
3 370
5
1 2127
5
2 364 3413
1 2435
5
5
1 765
5
5
4 364 3413
5
1 252
5
3 364
2 252 2099
3 765
1 4098
2 365 3413
5
5
3 2609
1 1061
2 1061 4172
5
1 2163
1 2945
5
4 365 3413
2 1061 2448
4 1061 4172
2 2127 4587
4 2127 4587
3 2448
3 2099
1 2560
3 4562
3 252
2 1061 3360
3 4098
2 365 1061
3 3360
1 4091
4 365 1061
2 2127 2435
4 2127 2435
5
3 2560
2 2163 4587
4 2163 4587
3 2945
2 2435 4091
4 2435 4091
3 4091
2 1061 3413
1 1774
4 1061 3413
5
5
2 1061 4587
3 2127
4 1061 4587
5
5
5
1 3880
2 2435 4172
1 1332
1 1491
1 3706
1 3697
4 2435 4172
2 1332 1774
1 2844
5
4 1332 1774
5
5
1 1949
5
5
5
2 3706 3880
3 1491
3 365
5
4 3706 3880
1 1636
5
3 3880
3 2844
1 4117
2 2163 4172
4 2163 4172
1 3045
1 2202
5
1 2032
2 2435 3706
2 1774 3697
3 1332
1 1537
4 1774 3697
4 2435 3706
2 2202 3697
3 4587
3 4172
3 1537
5
3 3413
5
3 2032
3 1636
5
3 1949
1 662
1 2626
2 3045 3706
3 662
2 2163 2202
3 2202
3 2435
1 1098
5
5
5
4 3045 3706
5
3 2626
2 1061 3697
5
1 2408
2 1774 3706
2 1061 4117
4 1774 3706
3 3697
4 1061 4117
2 1061 4117
1 4281
3 1061
3 2163
5
5
1 2123
2 1774 3706
3 4117
5
4 1774 3706
3 3045
5
3 1098
5
1 1757
5
1 671
2 2123 3706
4 2123 3706
2 3706 4281
4 3706 4281
2 2123 2408
4 2123 2408
1 4232
1 472
2 3706 4232
1 4494
2 1757 2123
2 2408 3706
5
5
3 2123
5
4 3706 4232
4 2408 3706
1 3061
1 4620
3 2408
1 2536
3 4620
1 2015
5
2 3061 4494
2 3706 4281
2 1757 4281
1 1690
5
2 3706 4232
2 671 4232
2 472 4232
4 3061 4494
5
2 671 2536
5
4 3706 4232
3 1757
2 4232 4281
3 4232
2 671 1690
5
3 2536
3 4281
1 2659
5
3 3706
3 671
2 1690 4494
4 1690 4494
1 1321
2 1690 2015
3 3061
5
4 1690 2015
2 472 2015
3 1321
3 1774
1 462
2 1690 2659
3 2015
1 1331
2 1331 1690
1 4383
2 1690 4383
3 2659
3 4383
3 462
2 1331 4494
1 18
3 4494
2 18 1331
5
4 1331 1690
2 18 472
2 472 1331
3 18
4 472 1331
1 3476
2 472 1331
2 472 3476
1 2427
5
2 1331 1690
2 472 1690
3 1331
1 2750
3 2750
1 3452
2 1690 3452
4 472 3476
2 3452 3476
4 472 1690
5
5
1 4144
1 1324
2 1324 3452
1 4059
4 3452 3476
3 472
3 4144
3 2427
2 1324 4059
4 1324 4059
5
3 3476
5
4 1324 3452
2 1324 3452
5
3 1324
2 3452 4059
2 1690 4059
4 1690 4059
2 1690 4059
4 1690 4059
1 3253
3 1690
1 3147
3 4059
3 3452
5
2 3147 3253
4 3147 3253
3 3147
5
3 3253
1 3881
3 3881
5
1 4426
3 4426
5
5
1 3034
1 1884
2 1884 3034
4 1884 3034
5
3 3034
1 3023
5
3 1884
3 3023
5
1 1920
5
5
5
1 2964
3 1920
5
3 2964
1 1833
5
1 3696
3 3696
3 1833
5
5
5
1 828
5
5
3 828
5
5
1 1900
3 1900
1 3052
3 3052
1 627
1 1222
1 3716
5
3 627
3 1222
3 3716
5
5
1 2113
5
1 855
1 4242
3 2113
1 4555
3 4242
5
5
5
3 4555
5
1 2379
3 855
1 528
1 3615
2 2379 3615
5
3 528
3 3615
1 3445
1 3261
1 1349
2 1349 3261
3 3445
1 2032
2 1349 2379
4 1349 2379
3 3261
1 1528
5
1 1626
2 1528 2379
5
1 3471
1 3106
4 1528 2379
3 3471
1 887
5
1 4620
1 2710
1 166
2 1528 2379
5
4 1528 2379
5
3 887
5
1 3729
1 1917
3 3106
2 2032 4620
3 2032
2 1626 3729
4 1626 3729
1 1477
5
3 2710
2 166 3729
3 1477
4 166 3729
5
1 4293
5
3 4293
1 3461
2 2379 3461
1 4085
1 4167
5
2 1917 4167
3 1917
2 3461 3729
1 3569
2 2379 3569
1 58
1 3789
1 3322
3 2379
1 2540
1 2923
1 2855
5
3 3461
5
1 1252
1 296
2 2855 4085
4 2855 4085
2 296 2855
4 296 2855
1 777
3 1528
2 1252 4620
4 1252 4620
2 296 3322
4 296 3322
1 3866
2 166 3322
5
3 3322
1 3308
5
3 58
3 4620
2 296 1252
1 2298
2 2298 3866
3 2540
1 1721
4 296 1252
4 2298 3866
3 2855
1 3333
3 3789
5
5
1 2522
1 3813
2 777 1721
3 3729
2 1626 3866
1 3661
5
3 2298
2 1349 3866
3 4167
1 41
3 777
2 1721 3813
1 2966
5
5
2 3569 4085
5
2 3333 3569
2 296 1721
4 3333 3569
2 3866 4085
1 67
3 1626
2 2522 3569
4 3866 4085
1 388
4 2522 3569
5
3 166
1 1088
4 1349 3866
5
3 41
4 3569 4085
2 388 3569
1 30
1 935
3 67
3 2522
5
4 1721 3813
3 3308
1 3847
2 388 2966
5
2 935 1349
2 2966 3569
1 220
5
3 4085
1 117
3 2923
4 296 1721
5
2 30 1721
3 3661
4 388 3569
2 117 935
2 3569 3813
3 3333
4 3569 3813
3 3866
5
4 2966 3569
3 1349
5
5
2 2966 3847
5
2 220 1721
3 296
5
1 4156
3 220
2 1721 3569
3 117
3 2966
4 1721 3569
5
2 935 3813
4 30 1721
4 935 3813
5
1 3539
2 1088 1252
3 3539
1 605
1 3364
4 1088 1252
5
1 1602
2 388 935
2 30 1602
3 935
5
4 30 1602
3 1602
1 3922
5
3 3813
1 210
3 210
3 3847
1 4550
5
2 30 1088
3 1088
3 30
1 3099
2 605 3364
4 605 3364
3 4156
2 388 3922
1 5
4 388 3922
1 2757
1 963
5
1 482
3 388
1 4584
5
2 1252 1721
5
2 5 963
4 1252 1721
3 4550
4 5 963
5
5
2 1721 3364
2 482 2757
3 4584
3 482
1 467
5
5
2 467 1252
2 3364 3922
1 1010
1 2566
5
4 3364 3922
2 605 3364
2 605 1252
4 605 1252
2 467 3922
4 1721 3364
1 3958
3 1252
4 467 3922
2 605 2757
2 467 3364
4 467 3364
4 605 3364
1 1683
3 3958
5
1 4152
1 46
3 3569
2 2566 4152
1 1659
5
1 2024
1 991
4 605 2757
5
2 5 3099
1 2045
3 991
5
5
5
5
2 1659 2566
4 1659 2566
3 4152
5
2 1010 3099
3 1659
4 1010 3099
1 3822
1 34
3 2024
3 2566
5
2 963 2757
1 2037
1 2994
5
5
5
3 1721
5
4 5 3099
1 3310
2 5 2045
5
4 963 2757
1 4007
4 5 2045
3 3099
5
5
3 2037
1 1828
3 963
5
1 1615
5
2 46 2045
1 3518
2 34 1683
3 467
2 1828 4007
1 397
2 1615 2045
3 5
3 3364
5
2 2994 4007
4 2994 4007
4 1615 2045
3 3822
2 34 2994
3 2045
2 1010 3310
4 1828 4007
4 34 2994
4 1010 3310
2 1010 3518
3 397
5
1 357
2 357 4007
5
3 2994
3 605
2 357 1828
5
2 1683 4007
1 2794
2 357 3518
3 1828
4 357 3518
5
2 357 3310
4 357 4007
4 1010 3518
3 46
2 1615 2794
1 1048
2 1048 1615
3 4007
3 34
5
4 357 3310
4 1048 1615
2 1683 2757
5
1 3153
3 3153
4 1683 2757
3 1048
4 1615 2794
1 425
2 2757 2794
3 1615
5
3 3518
4 2757 2794
3 425
1 3529
5
3 1683
1 3499
5
5
3 2757
5
1 3186
2 3499 3922
2 357 3922
2 1010 2794
1 2406
4 3499 3922
3 1010
5
4 357 3922
2 3499 3529
5
1 2637
5
2 2406 2794
3 2406
2 2637 3529
5
5
1 1536
3 357
4 2637 3529
5
4 3499 3529
3 3922
3 3186
1 4611
2 2637 3310
2 2637 3499
1 1919
3 3310
2 1536 3499
4 1536 3499
1 4009
4 2637 3499
5
1 2661
2 2794 3529
5
1 174
5
5
5
5
3 3499
4 2794 3529
3 174
3 1536
3 2794
1 3388
5
1 1357
3 3388
3 1357
3 4611
3 2637
2 2661 4009
3 1919
1 2067
2 3529 4009
2 2067 2661
5
3 2661
1 336
2 336 4009
2 336 2067
2 2067 3529
1 1488
1 1974
4 336 2067
5
4 2067 3529
3 4009
3 1974
2 1488 2067
5
3 336
3 3529
3 2067
3 1488
5
1 1531
1 3543
2 1531 3543
1 3486
2 3486 3543
1 4682
2 1531 4682
5
4 1531 4682
1 404
2 404 3543
5
2 3486 4682
1 668
4 1531 3543
4 404 3543
4 3486 3543
2 668 1531
1 2031
4 3486 4682
5
3 2031
5
2 404 668
3 4682
3 404
1 4251
4 668 1531
5
2 3543 4251
1 1384
4 3543 4251
5
3 3486
3 1531
5
2 668 4251
1 1200
4 668 4251
2 1200 4251
5
2 1200 1384
2 668 4251
2 668 1200
2 1384 3543
4 668 4251
3 3543
5
2 668 4251
5
4 1200 1384
2 1200 1384
4 668 4251
5
2 668 1384
3 1200
3 668
3 4251
5
3 1384
1 3918
5
3 3918
5
1 1118
3 1118
1 498
1 87
1 1108
2 87 1108
2 498 1108
4 87 1108
4 498 1108
2 87 498
1 2425
3 498
3 87
1 1738
5
3 2425
1 3460
5
3 1738
5
5
2 1108 3460
3 3460
5
3 1108
5
5
5
5
1 2667
5
1 1466
5
3 1466
1 541
1 1507
5
3 1507
5
2 541 2667
1 1543
5
5
2 1543 2667
1 2156
4 1543 2667
5
1 2371
4 541 2667
5
5
5
5
5
2 1543 2371
3 541
2 2156 2371
3 2667
4 2156 2371
5
1 2035
2 2035 2371
2 2156 2371
3 1543
4 2035 2371
3 2035
1 4724
5
2 2371 4724
3 4724
1 3942
1 3294
3 3942
1 3415
1 4077
4 2156 2371
5
1 1376
3 2156
3 4077
1 621
3 3415
5
2 1376 2371
2 621 1376
2 2371 3294
1 3475
4 2371 3294
5
1 2495
3 2495
4 621 1376
1 2306
2 621 3294
4 1376 2371
5
1 3957
2 3475 3957
2 2306 3957
1 1461
5
2 621 2306
1 4035
5
5
1 2846
2 2371 2846
5
4 2306 3957
3 1376
4 621 2306
3 4035
3 2846
2 1461 3475
2 621 2306
2 2306 3957
4 621 3294
5
3 2306
5
3 2371
4 1461 3475
4 3475 3957
3 3294
1 4716
5
5
5
3 3475
3 1461
1 4093
3 621
3 3957
1 1350
3 4093
3 1350
3 4716
1 2694
1 646
3 2694
3 646
5
5
1 3669
1 2284
3 3669
1 3366
5
5
2 2284 3366
4 2284 3366
5
2 2284 3366
1 2528
4 2284 3366
5
1 2183
2 2284 3366
1 967
5
4 2284 3366
3 967
1 3977
2 2528 3366
2 2183 3977
1 2620
3 2620
1 4736
1 232
2 2183 4736
1 1733
3 2528
2 2284 3366
1 1750
4 2284 3366
2 232 3366
5
1 2361
3 2183
4 232 3366
2 232 2361
2 1733 1750
5
1 2615
2 232 1733
4 232 1733
3 232
3 1733
2 3366 4736
3 1750
4 3366 4736
3 2361
5
3 3366
2 2284 4736
1 850
4 2284 4736
1 2801
5
3 850
2 2284 3977
1 2722
3 2284
1 3096
1 2011
2 3977 4736
4 3977 4736
1 1992
3 3096
3 3977
3 1992
1 1497
1 1808
3 2722
5
1 2169
3 2615
3 1497
5
3 4736
2 1808 2169
3 2011
4 1808 2169
2 1808 2169
1 823
5
3 1808
3 823
3 2169
3 2801
1 3733
1 3441
2 3441 3733
5
1 2635
3 2635
5
3 3733
1 2033
3 3441
5
5
3 2033
1 1283
3 1283
1 511
5
1 1057
1 1436
5
5
3 1057
3 511
3 1436
1 490
1 437
2 437 490
1 2888
5
4 437 490
5
1 1803
2 1803 2888
3 490
3 1803
1 2956
5
1 2376
2 2888 2956
5
5
5
5
1 4566
3 2376
4 2888 2956
1 621
3 621
2 437 2956
5
2 437 4566
3 437
5
2 2888 2956
3 2956
3 4566
1 4051
3 4051
1 570
2 570 2888
4 570 2888
5
1 4190
2 570 2888
1 2984
4 570 2888
5
5
2 2984 4190
3 4190
5
1 2945
5
1 79
3 570
2 2888 2984
1 3908
3 79
5
4 2888 2984
1 1770
1 245
3 1770
3 2984
2 2888 3908
4 2888 3908
3 3908
3 245
5
5
5
2 2888 2945
1 2619
3 2888
2 2619 2945
4 2619 2945
2 2619 2945
5
4 2619 2945
5
5
5
1 4009
2 2945 4009
4 2945 4009
3 2619
2 2945 4009
3 4009
1 177
1 2203
2 177 2203
4 177 2203
2 177 2945
3 2945
3 2203
3 177
1 705
3 705
1 4135
3 4135
5
5
1 2252
3 2252
5
1 2025
3 2025
1 1983
3 1983
5
1 108
5
1 677
2 108 677
4 108 677
5
5
1 80
1 2499
3 677
2 108 2499
5
3 108
2 80 2499
3 80
3 2499
1 2229
1 3301
2 2229 3301
1 3145
4 2229 3301
3 3301
3 3145
5
1 4400
2 2229 4400
5
5
1 2585
5
3 4400
3 2585
5
5
1 850
3 850
3 2229
5
1 976
1 1240
3 1240
3 976
1 1953
3 1953
5
1 3186
3 3186
1 1598
5
5
1 1364
1 2001
1 3484
3 3484
5
3 2001
2 1364 1598
3 1598
3 1364
1 556
3 556
5
5
1 3553
1 1779
3 3553
3 1779
5
5
5
1 4566
3 4566
1 1989
3 1989
5
5
5
1 1761
5
5
1 4291
2 1761 4291
3 1761
5
3 4291
5
5
5
1 4261
3 4261
1 1603
5
3 1603
1 2858
3 2858
1 4339
5
3 4339
5
1 1611
1 4410
3 4410
5
3 1611
1 3843
1 998
3 998
3 3843
1 2762
5
3 2762
5
1 645
3 645
1 386
3 386
1 2393
1 2677
2 2393 2677
5
1 1709
3 1709
1 1393
1 4694
3 2393
3 2677
3 1393
5
5
3 4694
1 2542
1 3252
1 3797
5
1 3837
1 4606
3 3797
3 3252
3 2542
2 3837 4606
4 3837 4606
5
1 2603
2 2603 4606
3 4606
2 2603 3837
4 2603 3837
1 1401
2 1401 3837
2 1401 2603
3 1401
5
2 2603 3837
3 3837
1 2364
1 2436
5
2 2364 2603
3 2436
5
5
4 2364 2603
1 1885
1 3604
2 1885 3604
5
4 1885 3604
1 1472
5
5
2 1472 3604
4 1472 3604
3 3604
1 3562
3 3562
1 4001
2 1885 4001
1 1875
1 105
4 1885 4001
1 2145
2 2603 4001
3 1472
4 2603 4001
5
5
2 2603 4001
3 2145
5
1 1896
2 105 2603
2 105 4001
4 105 4001
4 105 2603
3 1885
4 2603 4001
2 1896 2603
4 1896 2603
2 1896 4001
4 1896 4001
1 226
2 105 2603
4 105 2603
1 773
2 1896 2603
3 2603
1 2791
1 3092
5
2 1896 4001
1 3879
4 1896 4001
2 1896 3879
5
3 2364
5
4 1896 3879
3 105
5
5
5
2 3879 4001
3 1896
4 3879 4001
5
5
1 485
5
1 2070
1 550
3 485
5
2 550 1875
4 550 1875
3 773
3 226
3 2791
3 1875
2 550 3879
2 2070 3879
2 3092 3879
1 3430
5
5
1 1385
5
2 550 3430
3 3430
4 2070 3879
3 1385
3 3879
1 3412
1 2896
2 2896 3412
2 2070 4001
4 2070 4001
4 2896 3412
3 3412
3 2896
1 555
3 2070
3 3092
3 550
5
3 4001
1 969
5
1 4729
2 555 4729
1 1406
2 1406 4729
3 4729
5
5
1 313
1 580
2 555 969
3 969
2 555 1406
3 555
1 675
3 1406
1 4716
3 313
3 4716
5
3 675
5
1 2102
2 580 2102
5
3 2102
3 580
5
5
1 3116
3 3116
5
5
5
5
5
5
5
1 1262
3 1262
5
5
5
1 3146
3 3146
5
1 2314
1 3094
3 2314
5
5
5
3 3094
5
5
1 564
1 983
1 1201
1 1993
1 3816
5
3 983
2 564 3816
3 3816
5
2 564 1201
1 2528
2 564 2528
5
4 564 1201
3 1993
3 2528
5
1 30
5
2 30 564
5
2 30 1201
2 564 1201
3 564
5
3 30
1 1715
2 1201 1715
5
3 1201
3 1715
1 617
3 617
5
1 2929
1 1718
3 1718
3 2929
1 2551
3 2551
5
5
5
1 4031
5
1 1339
5
3 1339
3 4031
5
5
1 2318
1 3515
3 3515
3 2318
5
5
5
5
1 2228
5
1 3214
3 3214
1 2739
3 2739
1 816
2 816 2228
4 816 2228
3 2228
3 816
1 1607
3 1607
5
5
5
1 3051
1 862
5
5
5
3 862
1 1238
3 1238
5
5
3 3051
5
5
1 440
5
5
5
1 2403
3 2403
5
5
3 440
1 2914
5
3 2914
5
5
5
1 2349
1 2323
3 2323
1 4600
2 2349 4600
4 2349 4600
5
2 2349 4600
3 2349
3 4600
1 1146
1 902
1 298
1 2291
3 1146
1 4426
2 298 902
4 298 902
2 298 2291
1 985
4 298 2291
3 902
1 148
5
3 298
3 4426
3 985
3 2291
1 982
5
1 3517
3 982
2 148 3517
3 148
3 3517
5
1 3382
1 4664
2 3382 4664
3 4664
5
5
1 287
2 287 3382
1 2953
2 2953 3382
2 287 2953
3 2953
1 503
1 272
5
5
2 503 3382
2 272 503
4 287 3382
5
3 3382
4 272 503
2 272 503
1 3392
1 3032
3 3032
5
2 503 3392
4 272 503
3 287
5
3 503
5
3 3392
3 272
1 654
1 753
2 654 753
5
3 654
3 753
1 3767
1 4475
2 3767 4475
3 4475
5
3 3767
5
5
5
5
5
5
1 1589
5
3 1589
1 2232
3 2232
5
1 1891
1 591
3 1891
5
3 591
5
1 3733
3 3733
1 2765
1 1780
2 1780 2765
4 1780 2765
3 2765
5
5
1 2883
5
5
5
1 369
1 4284
5
1 2505
2 1780 2505
4 1780 2505
3 2505
2 2883 4284
2 369 1780
1 4245
5
4 369 1780
3 1780
1 2684
4 2883 4284
1 3033
5
1 1724
3 2684
3 4284
5
5
5
3 3033
1 4509
3 4245
2 1724 2883
4 1724 2883
2 369 1724
1 2213
4 369 1724
1 4401
1 1954
5
5
2 2213 4509
1 2799
1 2206
2 1954 2799
4 2213 4509
3 2799
1 4698
5
5
1 2441
2 369 2206
2 369 2441
3 2213
3 1954
2 2883 4698
4 2883 4698
2 2206 2883
4 369 2206
2 369 4509
5
2 2206 2441
3 2206
5
5
1 3606
2 1724 4401
1 3964
5
5
1 2532
2 2441 2532
5
5
1 1325
3 2883
1 1873
4 2441 2532
3 2532
1 1269
5
5
2 1269 1724
5
5
5
3 3964
2 1724 4509
2 369 4401
1 1887
2 1325 1724
4 1724 4509
1 3662
4 1724 4401
3 4509
2 1325 3606
4 1325 3606
3 1887
2 369 4698
1 1761
4 1325 1724
1 1949
2 1724 4698
1 1340
2 1949 3662
4 369 4401
3 1873
1 3073
4 369 2441
2 3606 4698
5
3 4401
5
5
5
2 1325 3606
2 1340 4698
5
2 1761 1949
1 4477
5
2 3606 3662
4 1340 4698
3 2441
3 1724
5
3 1340
3 3662
3 4698
4 1761 1949
2 369 1761
1 1748
2 1269 4477
4 1269 4477
3 1325
4 369 1761
5
5
3 1949
3 1761
2 1269 1748
1 4271
5
3 4477
5
2 369 3606
3 369
5
3 3606
2 3073 4271
5
5
4 1269 1748
1 4159
3 1748
3 3073
3 4159
3 4271
5
1 3007
1 3471
5
3 3471
3 3007
1 2142
1 2503
1 2859
1 3579
3 2142
3 2859
5
1 836
3 2503
3 836
5
3 3579
3 1269
5
1 1695
3 1695
1 3385
1 4582
5
3 3385
1 1011
5
1 2889
3 2889
3 4582
1 380
3 1011
3 380
1 121
1 1317
2 121 1317
3 1317
1 1425
2 121 1425
1 1762
5
4 121 1425
5
2 121 1425
3 1425
2 121 1762
4 121 1762
1 4008
1 3605
5
2 121 4008
5
5
2 3605 4008
3 121
5
3 3605
2 1762 4008
1 4265
2 1762 4265
3 4265
5
5
4 1762 4008
1 4182
2 4008 4182
1 3094
5
2 1762 4008
2 3094 4008
3 3094
2 1762 4182
3 4008
5
1 4673
2 4182 4673
5
5
2 1762 4673
5
1 1314
5
3 1314
1 950
4 1762 4182
1 3007
2 3007 4182
2 950 4673
5
5
1 2311
4 1762 4673
1 722
3 2311
2 950 4182
4 4182 4673
3 1762
5
4 950 4182
5
4 950 4673
2 4182 4673
4 3007 4182
2 3007 4182
5
5
5
4 4182 4673
2 950 3007
4 3007 4182
2 950 4182
4 950 4182
2 722 4673
4 950 3007
1 2865
3 2865
3 950
5
3 4673
2 722 3007
2 722 4182
1 906
5
5
1 1921
3 3007
2 1921 4182
4 722 4182
5
5
4 1921 4182
5
1 1641
5
3 4182
5
5
5
5
3 722
1 640
2 906 1921
2 640 1921
3 906
5
1 2740
4 640 1921
3 640
5
3 1921
2 1641 2740
1 3373
5
3 3373
1 2081
1 1159
4 1641 2740
2 1159 2081
2 1641 2740
3 2081
1 1126
4 1641 2740
5
3 2740
1 2496
5
2 1159 2496
4 1159 2496
5
2 1126 1641
5
1 3795
1 4068
4 1126 1641
1 2093
1 2854
2 1641 4068
4 1641 4068
2 1641 2854
1 415
3 3795
5
2 1126 2496
3 1159
4 1641 2854
3 2854
3 4068
2 1126 1641
5
3 2496
1 3939
4 1126 1641
3 3939
1 3366
2 415 3366
3 2093
5
5
2 1126 3366
3 1126
3 415
5
1 1192
2 1192 3366
4 1192 3366
1 4350
3 1641
3 4350
1 3740
5
2 1192 3740
4 1192 3740
2 3366 3740
4 3366 3740
5
5
1 46
5
5
5
5
1 3075
3 3366
2 46 3740
1 2774
3 2774
2 1192 3740
5
4 1192 3740
5
2 46 3075
3 3740
3 3075
1 4018
3 46
2 1192 4018
3 1192
3 4018
5
5
5
1 3927
1 3438
3 3438
1 2171
1 4475
3 2171
5
5
1 1094
1 4602
3 4475
5
2 1094 4602
4 1094 4602
3 4602
3 3927
1 2703
2 1094 2703
5
3 1094
1 246
1 2005
1 2063
5
5
3 246
2 2063 2703
4 2063 2703
1 1918
5
5
1 1197
2 1918 2063
1 4495
4 1918 2063
3 1197
2 1918 2703
3 2703
3 4495
1 4636
3 2063
1 439
2 1918 2005
2 2005 4636
5
2 439 2005
1 3433
1 1173
4 2005 4636
4 439 2005
5
1 2923
3 2005
2 1918 3433
3 1918
3 439
5
5
5
1 3452
1 3454
2 1173 4636
4 1173 4636
2 2923 3454
1 2061
1 2999
5
1 4585
4 2923 3454
5
5
2 4585 4636
4 4585 4636
2 1173 3433
4 1173 3433
3 2923
2 1173 2999
3 4585
5
4 1173 2999
2 2061 3433
3 2061
5
3 1173
1 1931
2 1931 4636
4 1931 4636
1 3902
3 3902
2 1931 2999
3 1931
1 4210
5
2 3454 4210
5
4 3454 4210
5
3 3454
1 3659
1 3026
5
2 2999 3452
3 3659
1 3011
3 3026
5
3 2999
5
5
2 3452 4210
2 3433 4210
1 3517
3 3452
2 3011 4210
2 3011 4636
5
4 3011 4636
1 1587
3 4210
5
2 3011 3517
1 1714
5
5
3 3433
1 437
2 1714 3011
1 278
5
2 278 437
4 278 437
2 1587 1714
1 2248
2 1587 2248
5
4 1587 1714
4 1587 2248
5
3 2248
5
1 126
2 1587 4636
5
2 126 278
3 3517
4 1587 4636
5
2 437 1714
5
3 126
2 278 1714
3 437
4 1714 3011
1 4167
5
3 4636
2 3011 4167
3 1587
1 3222
1 2714
2 1714 3011
1 2044
2 2044 2714
2 278 3222
1 1060
2 2044 3011
5
2 2714 3011
2 1714 2714
2 2714 4167
5
2 278 2044
2 3222 4167
4 2714 3011
2 2044 4167
1 332
4 278 2044
5
4 1714 2714
3 3222
1 2817
3 3011
1 1166
4 278 1714
1 199
5
3 278
4 2044 2714
5
2 2044 2817
4 2044 2817
4 2044 4167
3 4167
5
5
2 199 1060
4 199 1060
5
1 2613
2 332 2613
3 1166
3 2613
2 1714 2044
5
4 1714 2044
5
2 199 2817
2 332 1714
5
1 511
1 187
4 332 1714
4 199 2817
2 199 2817
5
1 382
4 199 2817
2 511 1060
1 1497
4 511 1060
2 1497 1714
1 2430
4 1497 1714
5
3 2817
5
1 3098
5
2 1497 3098
5
2 332 1497
3 199
1 3343
3 382
3 1714
5
4 1497 3098
2 511 1060
3 1497
3 3098
4 511 1060
3 3343
5
3 1060
1 1718
3 187
2 511 2044
1 1308
5
1 1085
2 511 1085
1 3268
3 3268
4 511 2044
4 511 1085
5
3 332
2 511 2430
1 3729
5
5
3 1718
1 806
1 2006
5
3 3729
2 2006 2714
4 511 2430
2 511 1308
4 2006 2714
3 2430
1 1373
2 1308 2044
3 511
2 1085 2006
2 806 1373
5
1 3061
5
3 1308
2 2006 2714
5
1 3623
3 3623
3 1085
2 2006 2044
2 2714 3061
5
4 2006 2044
2 806 2714
1 3481
1 197
5
2 197 2044
4 2006 2714
1 1186
1 2782
3 2006
2 197 2782
4 197 2044
2 197 1186
5
4 806 1373
3 2782
4 197 1186
4 2714 3061
3 3481
4 806 2714
2 2714 3061
2 1186 2044
5
1 282
4 2714 3061
3 2044
3 806
1 4043
1 2018
5
1 2446
3 1186
2 3061 4043
2 1373 2018
3 1373
4 3061 4043
5
3 2714
2 282 2446
4 282 2446
2 2018 3061
1 2847
1 4340
2 197 4340
2 2018 4340
5
2 3061 4043
4 2018 4340
2 282 2847
1 4291
1 2995
4 2018 3061
5
1 1668
5
5
1 2685
1 3522
4 282 2847
5
2 282 3522
3 197
4 282 3522
5
2 2847 4043
3 2018
5
1 1571
4 2847 4043
5
4 3061 4043
1 2567
3 2685
3 2567
3 2446
1 2009
2 1668 3061
3 2995
3 4291
2 282 3522
2 3522 4043
1 1292
5
1 4314
5
2 1571 2847
3 3522
5
2 2009 4314
2 1292 3061
3 282
3 1668
2 1292 2847
5
1 4311
4 1571 2847
1 3199
1 710
1 1132
1 1707
1 948
2 1707 4340
1 330
4 1292 3061
3 2009
5
1 2470
1 2883
5
4 1707 4340
4 1292 2847
1 1693
3 2883
2 1693 3061
1 1810
4 1693 3061
3 1707
5
2 948 1132
3 4043
4 948 1132
3 1571
1 4474
2 330 2470
5
1 4501
2 1693 3199
4 1693 3199
5
2 3061 3199
5
4 330 2470
5
3 1693
1 1973
3 4501
1 2559
5
2 948 4311
1 232
3 710
1 3874
5
1 2404
4 3061 3199
4 948 4311
2 2404 3199
4 2404 3199
1 1804
3 1804
1 2141
3 1132
1 3006
3 4311
1 1359
3 4314
1 4308
3 1973
1 3956
5
1 2893
3 4340
2 2404 2559
3 2559
5
3 4308
5
3 3199
2 2141 3956
3 1810
5
5
2 2470 4474
4 2141 3956
2 2404 4474
1 481
4 2470 4474
3 481
5
1 4522
2 232 948
1 790
4 2404 4474
1 3398
1 551
1 183
3 790
5
4 232 948
2 232 4522
3 2404
2 3398 4522
3 2847
5
5
5
5
2 948 3061
1 142
1 4376
2 2893 3006
2 948 3956
5
3 232
2 183 3956
3 3398
4 183 3956
4 948 3061
5
5
4 2893 3006
2 142 1359
1 1029
2 551 2141
5
2 142 330
2 183 2141
4 948 3956
3 3061
3 1292
5
1 1237
4 142 330
3 4474
4 183 2141
1 1007
2 142 551
3 1007
2 1237 3006
2 183 2893
4 183 2893
1 2459
2 142 3956
5
1 3373
2 3006 4522
3 2893
5
5
1 3036
2 183 1029
5
1 2980
4 3006 4522
1 2265
1 656
5
2 183 3956
5
5
1 2099
1 3567
1 4288
5
4 142 551
