9187
5
5
1 280
5
1 3239
1 4075
3 4075
2 280 3239
1 4459
3 280
5
1 1433
1 4082
5
1 1049
5
5
3 4082
3 4459
3 3239
1 262
2 262 1049
5
5
2 262 1433
1 3901
4 262 1433
2 1433 3901
1 3523
2 262 3523
2 1433 3523
5
2 1049 3901
5
1 4500
3 1049
4 1433 3901
1 2983
2 262 2983
4 262 2983
4 262 3523
2 1433 2983
1 358
4 1433 2983
2 262 358
5
3 3901
1 2915
2 358 2983
2 1433 4500
4 1433 3523
2 262 2983
3 262
1 66
2 2915 4500
1 3250
2 66 2915
1 4520
4 66 2915
3 66
3 2983
1 2182
2 2182 4520
3 1433
2 3250 4520
2 2915 3523
3 358
3 3250
4 2182 4520
4 2915 3523
2 2182 2915
1 589
4 2915 4500
2 2182 3523
5
1 77
2 2182 4520
3 3523
3 4500
1 1310
5
4 2182 2915
2 2915 4520
5
1 2619
5
5
4 2182 4520
3 589
4 2915 4520
5
2 77 1310
1 879
2 77 2619
2 1310 2619
2 2182 2619
1 4608
1 147
4 77 2619
2 147 1310
5
1 349
1 706
3 147
2 2182 4608
2 349 879
5
4 1310 2619
2 1310 4520
5
5
3 2915
3 2182
4 77 1310
5
4 349 879
3 349
1 4038
1 2401
4 1310 4520
2 4038 4520
1 4095
1 3961
2 4038 4608
5
3 77
4 4038 4520
3 4038
2 879 4608
5
1 126
5
5
2 4095 4608
1 3262
2 879 4095
3 1310
2 126 2401
4 126 2401
1 1273
3 4095
4 879 4608
2 706 2401
3 1273
4 706 2401
2 2401 3961
5
4 2401 3961
1 1834
2 3961 4520
3 1834
1 4000
3 2401
3 3262
2 706 4000
1 344
2 706 4608
3 3961
2 126 344
3 344
2 879 4000
5
3 706
1 2965
1 1843
5
1 2886
3 2965
2 2619 2886
1 1365
5
2 879 4608
5
2 2619 4520
1 2207
5
2 126 2886
4 2619 2886
3 1843
3 879
2 1365 4520
5
5
4 126 2886
2 126 4520
3 2619
4 126 4520
1 2045
3 4520
5
5
5
1 4223
1 3838
3 2045
3 4000
3 126
2 2886 4223
2 2207 4223
5
4 2207 4223
1 1832
1 3832
4 2886 4223
2 1832 4223
1 1999
4 1832 4223
3 1999
1 3973
5
2 1365 2886
4 1365 2886
2 2207 2886
1 2239
1 307
3 3838
1 4231
5
4 2207 2886
2 1832 3832
4 1832 3832
2 1365 1832
3 2207
4 1365 1832
3 3973
3 2239
1 966
2 1832 4608
1 2520
1 1096
1 3476
1 2849
1 3152
3 1832
3 3832
1 1695
3 2886
1 9
2 2520 4223
5
1 1040
3 1695
3 3152
3 2520
5
1 57
5
2 57 1040
1 2288
1 4538
1 1030
1 665
1 887
3 1096
3 2288
4 57 1040
5
2 307 3476
3 966
5
4 307 3476
5
2 9 1365
3 3476
4 9 1365
5
2 887 4538
5
2 665 4223
3 1040
3 2849
2 9 4223
3 307
1 3992
3 887
1 2658
2 1030 1365
5
3 1030
2 57 2658
1 4640
1 1160
3 4223
2 1160 1365
1 1373
4 57 2658
5
3 1160
3 4538
3 1373
2 1365 4608
3 1365
2 2658 4640
5
1 4441
3 665
3 2658
2 4441 4640
3 3992
2 9 4441
1 2707
1 2624
3 4608
1 2988
3 2707
5
2 57 4231
1 4091
4 4441 4640
4 9 4441
3 9
2 2624 2988
5
1 2468
5
5
4 57 4231
4 2624 2988
2 2624 4441
2 2624 4091
3 2988
4 2624 4091
2 2468 4091
3 4091
3 2624
2 57 4640
4 57 4640
1 557
1 2912
5
5
2 2468 4231
3 557
4 2468 4231
1 3899
2 2468 3899
2 57 4441
4 57 4441
4 2468 3899
3 2468
5
3 4640
5
3 57
2 3899 4441
5
2 2912 3899
5
4 2912 3899
4 3899 4441
5
5
5
2 3899 4441
2 2912 4441
1 3896
2 2912 3899
1 1637
1 3288
1 2294
5
2 1637 3288
5
3 2294
1 1823
2 1637 3896
3 4441
1 3352
3 1823
5
1 4734
3 1637
3 3352
1 3354
1 1825
3 4231
2 3354 3899
2 3896 4734
4 3354 3899
1 4208
1 2321
4 2912 3899
5
4 3896 4734
5
3 3288
5
3 2912
2 3896 4734
2 1825 3354
3 3354
3 4208
2 1825 3899
1 2176
4 3896 4734
4 1825 3899
3 4734
3 3896
1 2802
5
2 2176 3899
3 2321
4 2176 3899
5
1 4049
3 3899
2 1825 2802
5
3 2802
2 2176 4049
3 4049
2 1825 2176
4 1825 2176
1 1773
5
3 1773
1 2550
1 1808
2 2176 2550
3 1825
1 4314
5
4 2176 2550
1 2432
2 2550 4314
4 2550 4314
1 4038
2 2176 2432
2 2432 2550
1 4449
3 2176
5
1 4394
3 2550
2 4394 4449
1 1018
1 162
2 4038 4314
5
5
3 4314
1 438
4 4394 4449
3 4038
2 162 4449
4 162 4449
2 1808 4394
2 438 2432
2 2432 4449
3 2432
3 4449
2 1018 4394
2 162 1808
2 438 4394
5
3 4394
2 438 1808
2 1018 1808
4 1018 1808
3 1018
5
5
2 162 438
1 1903
2 1808 1903
4 1808 1903
5
4 438 1808
5
5
2 438 1903
3 1808
3 438
3 1903
3 162
5
1 2278
3 2278
5
1 3871
3 3871
1 1736
1 3480
3 1736
5
5
1 0
5
2 0 3480
3 0
3 3480
1 3439
3 3439
1 3823
5
1 3005
1 1082
1 1838
3 1838
2 1082 3823
2 1082 3005
5
1 2270
5
2 1082 2270
3 3005
2 2270 3823
4 1082 3823
2 1082 3823
1 1701
4 1082 2270
2 1701 2270
5
5
1 1378
2 1082 1378
2 1082 1701
3 3823
3 1082
1 4559
4 1701 2270
2 1378 4559
5
3 1378
3 4559
5
3 1701
3 2270
1 255
5
5
5
1 1549
5
2 255 1549
5
4 255 1549
2 255 1549
5
5
4 255 1549
2 255 1549
5
4 255 1549
1 4788
2 1549 4788
1 4305
2 1549 4305
5
1 1576
1 462
4 1549 4305
5
1 4159
5
2 462 4305
2 1549 1576
1 724
5
2 255 462
1 4489
3 724
5
4 462 4305
2 1576 4305
1 4247
2 462 4788
2 1549 4305
1 3112
3 4247
5
1 789
1 1640
5
4 1549 1576
2 462 1640
1 2077
5
5
4 255 462
5
2 4159 4788
3 4489
3 1576
3 255
4 1549 4788
3 3112
1 2675
3 4788
3 2077
5
2 462 4159
4 462 1640
3 4305
1 2393
1 4789
3 789
4 462 4159
5
3 4159
3 4789
1 569
3 2393
2 569 2675
3 569
3 462
2 1549 1640
1 4586
5
2 1549 4586
5
4 1549 4586
2 1640 2675
1 968
3 4586
5
5
4 1549 1640
3 1640
5
1 1142
1 1201
3 968
5
1 2897
3 2675
3 1549
2 1142 1201
1 960
4 1142 1201
3 960
3 1201
2 1142 2897
3 1142
1 2
3 2897
3 2
1 1509
3 1509
5
5
5
1 4478
5
1 4122
3 4122
3 4478
5
1 1639
1 3687
2 1639 3687
4 1639 3687
3 3687
3 1639
5
1 2881
5
5
3 2881
1 3284
1 2237
5
1 1058
1 1568
5
2 1568 2237
3 1568
1 124
3 124
3 2237
2 1058 3284
5
1 2985
4 1058 3284
1 288
1 3673
1 1147
3 3284
2 288 2985
2 1147 3673
3 1058
1 2643
1 2320
4 1147 3673
5
2 2643 2985
5
5
3 2643
1 4386
3 288
5
3 1147
1 4368
1 1591
5
3 3673
2 1591 2320
5
5
4 1591 2320
1 1876
2 1591 4386
1 478
1 3238
2 1876 2320
2 1591 2320
3 3238
5
2 1591 4368
5
5
3 4386
5
5
3 2320
3 478
1 872
4 1591 4368
3 1591
1 2669
1 2866
3 872
2 2669 4368
1 3597
3 2669
3 2985
5
5
5
5
3 2866
5
2 1876 4368
1 4484
2 3597 4368
4 1876 4368
1 242
4 3597 4368
3 1876
3 4484
1 2936
1 1833
2 1833 2936
2 2936 4368
4 1833 2936
2 242 1833
5
5
5
3 2936
2 242 4368
3 242
3 1833
3 4368
1 1320
5
3 3597
5
3 1320
1 3222
1 530
5
5
3 3222
1 576
1 602
2 530 576
2 530 602
1 2082
1 4048
5
3 2082
1 1314
4 530 576
2 576 4048
3 602
4 576 4048
5
5
1 1827
2 530 576
3 576
3 4048
2 530 1827
2 530 1314
3 1314
4 530 1827
5
5
2 530 1827
5
3 530
3 1827
5
5
1 270
1 543
2 270 543
3 543
1 2461
3 2461
1 1623
1 1007
2 270 1007
1 1332
1 1034
1 1118
4 270 1007
1 1664
1 3578
2 270 1664
1 3412
2 1034 1623
2 1034 3578
3 1623
3 1034
3 1118
5
1 350
2 1007 1332
3 3578
1 3177
4 1007 1332
1 3727
1 4476
2 350 1664
2 3727 4476
2 1664 3177
3 3412
3 1332
2 270 1007
4 270 1664
5
4 1664 3177
2 3177 4476
5
4 350 1664
5
1 1519
5
3 1519
3 4476
4 270 1007
5
5
1 860
3 3177
2 270 350
3 860
4 270 350
1 108
5
1 3866
1 4394
3 3866
1 1487
1 3486
3 4394
5
5
2 1007 3486
4 1007 3486
2 108 350
4 108 350
2 108 3727
4 108 3727
5
5
2 1007 3727
4 1007 3727
2 108 1487
4 108 1487
3 3486
1 1363
5
1 1180
1 2375
3 1180
1 2749
5
5
1 4491
2 108 2749
5
3 1363
1 1346
2 1487 1664
3 1664
2 350 1346
5
4 108 2749
4 350 1346
3 1007
1 1010
3 270
5
1 519
1 2741
1 940
2 2749 4491
5
5
3 2741
2 350 1010
3 1010
3 1487
2 519 2375
1 1673
1 2806
5
2 1673 2375
4 519 2375
2 108 1673
1 3128
3 350
4 1673 2375
3 4491
4 108 1673
3 2749
2 3128 3727
4 3128 3727
3 108
1 2875
1 2189
3 2806
1 91
1 1644
1 1057
3 2375
2 940 3727
3 2189
2 91 3128
1 2184
2 519 2184
4 519 2184
4 940 3727
3 1673
5
3 2184
3 1057
4 91 3128
2 519 1644
3 940
5
5
4 519 1644
1 2383
5
2 2383 3727
2 1644 2383
2 91 3727
2 1346 2875
5
5
4 1644 2383
1 1256
5
5
2 2875 3727
3 3727
3 3128
2 91 1644
1 2129
4 1346 2875
1 4574
2 91 4574
1 1957
2 1644 4574
5
3 1346
4 91 4574
4 91 1644
5
3 519
4 1644 4574
1 4613
5
5
5
3 2383
2 1256 4574
1 2879
1 1485
5
4 1256 4574
5
2 2129 2879
4 2129 2879
1 1257
5
5
3 1644
2 1257 2129
5
4 1257 2129
1 978
2 1957 2875
3 2129
1 379
1 3982
5
4 1957 2875
2 379 1257
4 379 1257
2 2879 3982
2 1485 2879
4 2879 3982
1 4117
4 1485 2879
3 4613
2 1957 2875
5
5
2 2875 4574
2 978 3982
4 978 3982
4 1957 2875
3 1957
3 2875
5
1 808
3 978
1 4773
5
1 3938
5
3 91
1 3473
1 2506
1 3244
1 4681
1 3617
1 2918
1 3476
3 2879
5
1 141
2 1257 4681
2 1256 1485
3 3244
2 808 2506
4 1256 1485
3 4681
1 2992
4 808 2506
2 2506 3473
4 2506 3473
5
1 1171
2 1256 4773
4 1256 4773
1 1643
3 1171
3 3617
2 1256 3473
5
5
3 3938
5
1 4296
5
1 853
3 3473
2 379 2918
5
1 2438
4 379 2918
5
2 808 2438
2 853 2992
5
1 1598
2 808 1257
1 814
3 1257
2 1485 1643
4 1485 1643
1 2971
1 1665
4 808 2438
1 1571
4 853 2992
5
3 1256
5
2 808 1485
5
1 2887
1 1355
2 1598 3476
1 3611
4 808 1485
4 1598 3476
5
2 379 1571
2 1643 2438
2 2506 4296
5
5
4 379 1571
2 1665 4117
5
3 1665
4 1643 2438
5
1 3219
3 4117
4 2506 4296
3 4773
2 379 2506
2 2438 2971
5
3 4296
3 379
5
3 2918
5
3 3982
3 2971
3 1571
2 2438 3476
1 407
2 141 2887
3 407
4 2438 3476
5
2 3611 4574
5
5
1 3538
4 3611 4574
1 3974
3 3611
3 2887
5
3 2992
3 1355
1 2072
5
5
3 853
5
5
2 2438 2506
4 2438 2506
3 1485
1 3581
5
3 4574
1 3767
5
2 2438 2506
1 4307
5
4 2438 2506
5
5
1 1127
2 1127 2072
2 1643 3974
4 1643 3974
5
5
5
2 814 1643
5
2 1127 1643
2 808 3538
5
4 1127 1643
1 3428
3 814
5
3 3476
1 1825
2 1127 4307
2 1643 3767
2 141 3219
5
3 808
4 1127 2072
1 4391
4 1127 4307
5
3 1825
5
4 1643 3767
2 3428 4307
4 3428 4307
3 3538
4 141 3219
5
5
5
3 4391
5
3 141
1 3544
2 2506 3581
3 1127
4 2506 3581
1 2278
5
2 2438 4307
5
2 3219 3428
2 3581 3767
1 122
3 2072
2 1643 2438
5
1 604
4 3219 3428
1 2769
4 3581 3767
5
3 3974
3 3767
5
5
1 3561
1 3367
5
3 3428
4 2438 4307
3 3367
3 2506
4 1643 2438
1 387
3 604
2 122 1643
2 3561 3581
1 3211
2 122 3544
1 303
3 3219
5
5
1 980
5
5
5
5
5
2 1643 2278
4 1643 2278
5
1 1760
1 4708
5
5
5
4 122 3544
2 1598 4307
3 3581
2 1598 1643
5
1 539
5
3 4708
1 4123
1 2709
3 3211
3 4123
4 122 1643
4 1598 1643
2 1643 2278
5
1 3983
3 4307
3 3561
3 1598
5
2 539 1760
1 2791
1 3713
3 1643
4 539 1760
2 2769 3713
1 1659
4 2769 3713
5
5
5
5
1 1228
3 3713
2 387 2709
2 1760 2278
5
4 387 2709
4 1760 2278
3 539
3 2769
1 453
2 387 1228
4 387 1228
2 453 1760
3 453
5
2 980 2278
5
5
3 122
2 2438 3544
1 4767
2 303 1760
5
2 1228 2278
4 303 1760
4 1228 2278
5
1 4218
3 4767
5
1 3742
5
2 1659 1760
5
5
2 1228 3544
2 387 2438
5
3 2709
3 3983
4 1228 3544
1 936
4 2438 3544
1 208
1 4707
4 980 2278
4 1659 1760
4 387 2438
3 4707
3 2438
2 936 980
5
5
5
1 1924
2 980 1760
3 1924
1 109
2 208 936
1 4408
4 208 936
1 3215
5
5
5
5
5
2 2791 3742
4 2791 3742
4 936 980
4 980 1760
2 303 3215
1 2660
2 3544 3742
3 3215
2 387 1760
2 1228 4218
2 208 2660
5
2 303 980
4 387 1760
3 4218
2 303 936
2 2660 4408
3 4408
1 3034
3 3742
1 3288
2 109 303
1 4342
1 4590
5
5
2 303 2278
1 2361
3 1760
1 4313
2 208 2361
3 4313
3 980
2 387 1659
5
2 109 936
4 303 2278
2 109 3544
5
4 109 3544
3 4342
3 3034
5
5
5
5
4 208 2660
1 196
2 1659 3288
3 3544
3 1228
4 303 936
2 2278 2791
2 303 3288
1 2982
5
5
1 1034
3 2361
4 109 936
3 1034
3 3288
3 208
4 109 303
1 1894
1 4609
1 2603
2 387 4590
4 2278 2791
3 2603
1 1743
4 387 4590
2 936 2791
1 3544
5
4 387 1659
4 936 2791
2 2660 3544
2 1743 2982
3 1659
5
5
4 1743 2982
5
4 2660 3544
2 387 2982
2 303 3544
1 3067
3 2982
4 303 3544
1 2847
2 2847 3544
5
1 168
1 677
2 168 3544
2 2791 3067
5
3 2278
5
1 1579
3 677
3 2847
1 2222
1 2583
4 2791 3067
5
5
2 1579 4590
2 2222 2583
5
2 109 936
5
1 4016
4 1579 4590
3 109
2 936 1579
4 936 1579
4 2222 2583
2 936 2222
5
2 2222 4016
5
3 2791
1 4771
4 2222 4016
3 2583
3 1743
4 936 2222
3 387
3 936
3 1894
2 303 3067
4 168 3544
2 3067 4609
4 3067 4609
1 1540
2 168 4590
2 303 4771
4 168 4590
3 3544
2 3067 4590
4 303 4771
3 196
1 1156
4 303 3067
5
1 1110
4 3067 4590
3 1110
1 531
1 4802
1 1556
1 1824
2 303 2222
5
1 2490
4 303 2222
5
1 555
2 1540 3067
2 1156 4771
3 168
3 555
3 4771
2 1540 1556
2 1156 3067
5
5
4 1156 3067
1 2160
3 2490
3 4016
3 1824
2 1156 3067
3 1156
1 4642
2 1556 2160
2 1556 4802
3 4802
1 2759
3 2222
2 2160 4609
4 1540 1556
5
2 2759 3067
1 2992
4 1556 2160
3 4642
2 303 1579
3 303
5
2 3067 4590
3 1579
1 2101
3 4590
2 2101 4609
3 2101
4 2160 4609
4 1540 3067
4 2759 3067
3 3067
1 3379
3 3379
3 2160
5
5
5
5
2 2759 4609
4 2759 4609
1 3391
2 2992 3391
1 2806
1 1476
2 2759 2806
2 2806 3391
3 2759
4 2806 3391
3 4609
2 531 2660
4 2992 3391
3 2806
1 1728
1 3757
3 1476
5
5
5
3 2660
3 2992
2 1556 3391
3 3391
2 1540 1728
4 1540 1728
5
1 753
2 1540 1556
3 1540
2 753 3757
1 3344
5
2 3344 3757
1 4431
4 3344 3757
1 1040
4 753 3757
1 782
3 1556
2 782 4431
2 531 3344
2 531 1728
1 556
2 782 1728
5
2 1728 3757
3 3757
1 805
4 531 3344
2 1040 3344
3 782
1 4028
4 531 1728
4 1040 3344
1 4720
3 4431
3 531
5
1 1410
2 3344 4028
3 805
1 825
3 753
4 3344 4028
3 4720
3 556
2 825 1728
3 4028
1 2044
5
2 825 1040
4 825 1040
2 1040 2044
1 1568
3 1410
5
4 825 1728
5
5
1 1561
4 1040 2044
2 1040 2044
1 568
5
4 1040 2044
2 2044 3344
4 2044 3344
5
5
2 568 2044
3 1561
2 568 1568
3 825
1 1155
5
3 3344
4 568 2044
5
2 1040 1568
1 3827
1 4603
2 1568 4603
2 1040 2044
4 1040 2044
3 4603
2 2044 3827
5
4 1040 1568
2 1155 3827
5
1 3748
4 568 1568
4 2044 3827
1 94
3 2044
5
1 325
2 1040 1155
1 1540
5
1 4541
2 3827 4541
3 94
3 3748
3 1040
4 3827 4541
5
1 2832
5
2 1155 1568
2 568 4541
1 3213
3 3213
1 2991
4 1155 3827
4 1155 1568
2 1728 2991
4 568 4541
4 1728 2991
2 1155 2832
3 1540
3 1728
2 568 1568
3 1568
3 2991
3 2832
3 4541
2 568 1155
2 325 1155
3 3827
1 3686
3 3686
5
1 2928
3 2928
4 568 1155
1 610
2 568 1155
5
2 325 610
1 491
2 325 568
2 325 491
3 568
4 325 610
2 491 610
1 3932
2 610 3932
5
1 956
5
5
4 610 3932
4 325 1155
3 956
5
5
1 1612
5
2 491 1155
3 325
5
2 491 1612
5
2 1155 1612
3 3932
5
4 491 610
4 491 1155
5
5
5
4 1155 1612
1 3483
4 491 1612
1 998
5
2 610 1155
2 610 1612
1 654
3 998
2 1155 1612
1 3836
2 491 1155
2 3483 3836
4 610 1612
5
3 1612
5
3 491
2 654 1155
3 610
2 1155 3836
5
1 2010
3 3483
3 654
4 1155 3836
1 32
1 4272
1 1126
1 1677
2 2010 3836
5
2 32 1155
1 4086
3 1155
3 32
2 1126 3836
3 2010
3 1677
3 4272
4 1126 3836
2 3836 4086
1 2226
2 2226 4086
1 4520
3 1126
4 2226 4086
2 4086 4520
3 4086
1 144
3 2226
1 1611
2 1611 3836
5
5
2 144 3836
3 144
3 3836
1 4741
1 3063
2 1611 4520
5
4 1611 4520
3 3063
3 4520
5
5
2 1611 4741
5
1 4668
1 2957
2 2957 4668
2 4668 4741
3 1611
4 4668 4741
1 3975
1 1253
3 4741
5
4 2957 4668
1 1666
5
2 1666 3975
5
5
1 2856
5
1 1407
2 2957 3975
1 2643
1 543
3 543
3 4668
2 1253 2643
2 1407 2957
2 1253 1407
5
2 1407 3975
5
3 2643
3 1666
4 1407 3975
1 616
4 1253 1407
1 4799
5
3 1407
1 2893
3 2957
1 1080
5
2 616 3975
5
3 3975
1 2489
1 1652
3 2893
5
2 2489 4799
5
3 2856
3 616
3 1253
2 1080 4799
4 1080 4799
2 1080 2489
2 1652 2489
1 4658
3 4799
5
1 2354
5
2 2354 2489
5
2 1652 4658
5
3 2354
1 901
4 1080 2489
3 1652
5
5
3 2489
2 901 1080
3 901
3 1080
5
5
5
3 4658
5
1 3835
3 3835
1 2036
1 4376
5
1 2988
3 2988
5
2 2036 4376
1 1368
1 1629
5
2 1629 2036
2 1368 2036
5
5
4 2036 4376
2 1368 4376
5
2 1629 4376
5
2 1368 1629
4 1629 2036
5
5
3 1368
1 3526
5
2 3526 4376
5
5
4 1629 4376
1 1113
2 1113 4376
3 1113
4 3526 4376
2 1629 4376
5
5
5
3 1629
5
1 1218
1 2043
5
1 3297
2 2036 3526
4 2036 3526
1 2064
5
5
1 4482
5
1 248
1 2861
3 2064
2 2036 4376
2 248 2861
1 216
2 248 3526
2 1218 2861
3 3526
2 2036 2043
5
2 2036 2861
2 248 2043
1 4185
5
1 3657
5
4 2036 2043
4 248 2043
2 2043 4482
5
1 3906
3 248
5
1 685
1 107
5
5
3 216
4 1218 2861
1 632
1 3671
3 3297
5
2 685 3671
5
4 685 3671
5
3 4376
1 4657
1 3166
5
5
1 543
3 2043
1 3476
5
2 685 2861
3 4482
5
5
3 2036
1 4182
1 1239
1 597
3 3476
3 3657
5
5
2 543 597
4 543 597
1 3603
1 2546
2 107 3603
4 107 3603
1 2863
3 4657
3 597
4 685 2861
3 3603
5
1 3414
3 107
5
2 632 685
1 3634
5
4 632 685
1 3131
2 3166 3671
5
2 685 2861
5
5
3 3634
4 685 2861
2 543 3414
3 632
2 2546 3671
4 3166 3671
1 1942
3 3906
5
3 3671
1 684
1 2317
4 543 3414
5
5
5
3 2546
3 3131
1 3905
5
1 3050
5
2 1239 4182
2 1239 1942
5
1 1760
1 3030
2 684 3050
2 2863 4182
2 1218 1942
2 685 3905
2 684 1942
5
4 1239 4182
2 1760 3166
1 4098
3 1218
4 684 3050
5
2 684 1760
3 2863
2 3050 3166
5
4 3050 3166
4 684 1942
2 1760 4182
5
4 685 3905
1 502
5
2 543 4182
2 2861 3050
1 2746
4 543 4182
2 3050 3414
5
3 1760
2 543 2317
1 1973
3 3050
4 1239 1942
1 4051
1 2804
1 3199
5
4 543 2317
1 3495
5
2 2746 3199
2 3905 4098
2 4182 4185
3 4182
3 3030
5
2 1973 4051
5
2 2317 3414
2 1239 3414
5
4 1973 4051
2 2804 4185
2 2317 3905
3 3199
4 2317 3905
2 502 684
1 4307
2 2317 4051
4 3905 4098
1 4740
3 4098
2 684 2746
1 694
5
5
5
1 2503
5
2 2746 2804
1 1704
5
3 1942
1 3736
1 1926
4 2317 4051
4 684 2746
1 1471
5
3 685
3 4740
3 2861
3 502
3 2804
4 2317 3414
4 1239 3414
2 543 3495
1 4781
2 3414 3736
4 543 3495
1 4328
4 3414 3736
1 4147
5
1 4828
5
2 684 4307
2 3414 4051
4 3414 4051
5
5
5
3 694
4 684 4307
2 543 3905
4 543 3905
2 1704 3414
3 684
2 2317 2503
4 1704 3414
3 1239
5
1 621
4 2317 2503
2 1471 3414
5
5
2 543 3166
1 2175
1 3317
1 4129
3 3317
2 4051 4307
5
5
5
1 1935
4 1471 3414
1 4723
1 1830
1 4763
3 2317
4 4051 4307
5
1 92
5
1 1627
2 4129 4781
2 1627 3905
2 1973 4129
1 189
5
2 1627 1926
2 1704 2503
1 4539
4 1973 4129
5
3 1935
5
2 1704 4051
3 1704
5
5
5
5
3 4328
1 729
4 543 3166
3 621
4 1627 3905
4 1627 1926
4 4129 4781
3 4129
5
5
2 3166 3905
5
1 4057
3 729
1 961
5
3 3905
2 92 4147
1 1567
1 4443
2 543 4781
1 2357
1 2378
2 2175 4147
2 2378 3414
2 3736 4828
2 4051 4828
4 2378 3414
5
3 4828
5
1 4593
4 92 4147
3 3414
2 543 4051
1 4281
1 650
5
3 4281
5
5
2 3495 4185
1 2171
1 249
2 3166 4147
5
4 3495 4185
5
5
1 3698
4 543 4051
1 3672
2 189 249
2 961 1926
2 3495 4051
5
1 1484
5
1 2731
4 3166 4147
3 3698
1 2418
2 3166 4539
1 3067
2 189 4147
1 4385
5
1 972
5
4 3166 4539
3 189
4 543 4781
1 1055
3 2503
2 2378 3672
5
5
4 2378 3672
3 4147
3 1973
1 2226
2 92 4781
1 2951
5
2 3067 4723
1 111
4 3495 4051
5
1 4664
2 650 2951
5
5
2 2418 4763
4 650 2951
5
2 1830 4593
4 92 4781
5
4 961 1926
5
5
5
2 3736 4057
4 1830 4593
1 3438
1 94
1 2606
2 543 4443
4 2418 4763
3 2357
3 4723
2 4443 4763
4 543 4443
1 2629
2 1830 2951
5
3 2951
4 3736 4057
1 1209
2 3067 4051
3 92
1 624
1 4616
5
1 3681
1 1384
1 4446
4 3067 4051
3 4446
4 4443 4763
3 4057
5
2 94 2175
1 145
2 1384 2378
5
2 1209 2418
5
5
5
5
3 2378
4 94 2175
1 306
2 543 4781
5
5
4 543 4781
1 4090
2 543 624
4 543 624
1 2922
4 1209 2418
3 3438
3 961
5
3 972
5
2 1926 4539
5
2 1627 4307
1 1022
3 3672
1 135
5
1 3697
3 4307
3 3697
4 1926 4539
2 3495 4385
4 3495 4385
1 3953
1 3866
5
3 111
3 3953
2 3495 4616
3 2746
1 4
4 3495 4616
1 1176
5
1 1742
3 3067
1 2262
1 3250
2 145 3250
5
3 1055
4 145 3250
1 1831
2 1022 3866
1 4166
2 306 4185
2 650 3736
2 2418 4664
3 3166
4 2418 4664
5
1 4276
3 2171
5
1 2174
2 145 3736
1 75
1 3255
5
2 75 2629
1 3461
4 650 3736
1 3404
5
1 4272
1 242
4 1022 3866
1 109
2 3255 4616
5
2 4 4539
2 3681 3866
3 1384
1 4018
4 306 4185
1 2752
4 145 3736
4 75 2629
1 1656
1 1853
2 650 2418
5
2 1176 3250
1 2867
4 3255 4616
3 4166
2 75 249
3 2175
4 1176 3250
5
5
2 4276 4385
3 1022
3 1926
1 2192
3 2731
1 2208
1 3477
1 1333
2 1830 4443
2 2262 4051
1 1756
1 506
5
4 4 4539
5
4 75 249
4 4276 4385
4 1830 4443
2 1209 1830
3 1742
3 3477
3 4
3 4051
1 2975
3 2867
3 1831
4 650 2418
4 1209 1830
4 3681 3866
5
5
3 2262
5
1 1004
5
3 4763
3 506
5
5
3 2208
3 3404
1 3902
1 755
1 166
5
2 75 3866
4 75 3866
2 166 1567
2 166 543
4 166 543
2 306 2629
1 4311
1 2640
1 2236
5
5
1 4077
3 1471
1 1930
1 3261
1 4419
5
4 166 1567
1 2099
2 1176 2236
4 1176 2236
5
3 4443
1 3339
4 306 2629
3 4385
2 543 4593
1 540
1 3301
4 543 4593
1 3729
5
1 3714
1 1576
5
1 2171
1 2592
1 575
1 2643
1 4711
5
5
3 94
3 2236
5
3 2174
5
5
1 573
2 1830 3261
3 543
3 1176
3 3301
4 1830 3261
2 1576 3261
5
4 1576 3261
5
2 1756 3729
2 249 4185
2 249 3714
1 2444
4 249 3714
2 75 1576
2 2975 3495
3 2640
5
1 4305
1 3323
3 2099
1 1261
5
1 2721
4 249 4185
2 242 1627
2 1333 4276
1 556
3 1004
5
3 1656
3 4419
1 1821
4 2975 3495
2 2752 3495
4 1756 3729
5
3 1484
2 573 4305
3 1930
1 3794
3 2606
3 3794
5
5
4 1333 4276
4 573 4305
3 2975
3 1261
3 3323
5
4 75 1576
4 2752 3495
1 4809
4 242 1627
2 2226 4090
5
1 65
3 2643
5
2 65 1567
1 4216
3 4018
1 1506
3 755
5
4 2226 4090
1 1598
5
5
4 65 1567
2 135 1853
2 242 2226
1 4427
3 575
4 242 2226
5
5
3 1333
5
2 306 3866
2 1598 4216
4 1598 4216
1 3526
5
2 2171 2592
3 3495
1 4501
5
2 2171 3736
3 540
4 306 3866
3 166
5
4 2171 2592
4 135 1853
5
1 3673
1 4192
1 2790
3 2418
4 2171 3736
5
1 2423
3 3681
1 3191
3 1853
1 3030
3 3461
1 2889
1 3775
1 1827
2 242 624
1 1950
5
3 650
4 242 624
1 4351
3 3191
5
3 3673
2 573 4501
2 2752 4809
5
4 2752 4809
5
2 3526 4351
5
2 1576 1821
5
3 4305
4 3526 4351
2 573 1950
5
1 689
1 3662
3 2423
2 1209 3662
2 1209 3526
5
4 1576 1821
1 4836
1 1333
5
2 4090 4185
4 1209 3662
1 1518
3 4427
3 4192
4 1209 3526
2 1830 3030
5
4 573 4501
4 4090 4185
1 504
2 624 2752
2 573 4781
2 1950 2629
3 1627
5
2 109 2790
2 3526 4664
3 1209
1 4803
5
5
2 2790 3736
1 1360
2 2922 3030
5
1 4535
3 2721
5
5
2 242 4803
2 2889 4809
1 2685
3 3866
2 2226 4501
1 2827
2 3250 3526
5
4 573 1950
4 624 2752
1 3193
3 1598
3 4803
5
1 1495
5
5
1 930
2 1830 4272
3 135
2 2629 3736
1 4380
4 2226 4501
2 689 2444
2 1360 4272
3 556
1 2746
3 573
3 1360
1 1259
3 1333
2 1821 1827
2 2922 4539
1 1630
2 1830 4836
1 3449
5
3 4593
5
5
3 4616
4 2922 4539
1 3300
5
1 2287
5
5
5
5
1 1167
4 3250 3526
5
5
3 2746
1 3975
5
3 2790
1 3889
5
3 3261
5
3 4311
4 2922 3030
4 1950 2629
1 1284
5
3 1259
1 3346
5
4 689 2444
2 3030 3250
5
4 2889 4809
1 1038
4 3526 4664
3 4781
2 1495 3193
5
1 2404
1 314
2 65 3736
4 1495 3193
2 1567 4535
2 2404 3775
5
1 1289
5
5
1 2489
2 3736 3775
2 1821 3300
3 2171
4 1821 1827
4 1830 4272
3 75
3 3889
3 306
3 4836
4 65 3736
2 2226 3975
2 624 3449
4 3736 3775
5
3 1518
2 689 1495
5
5
4 2226 3975
5
5
3 109
3 3526
4 2629 3736
3 3030
5
3 3902
4 624 3449
5
5
5
1 3463
3 2889
2 1495 4380
3 4077
4 1821 3300
5
4 2404 3775
1 275
2 1038 3339
5
5
2 2287 3463
5
5
1 2328
5
4 2287 3463
4 1567 4535
4 1495 4380
3 2629
1 1212
3 3449
4 689 1495
5
1 2416
2 1212 1630
5
5
4 1038 3339
1 2260
2 624 2260
1 3234
4 1212 1630
5
3 3193
2 275 4664
2 1567 2685
1 2302
4 1567 2685
1 1198
2 275 2226
5
3 1567
2 1284 3234
4 1284 3234
2 1950 3346
4 275 4664
4 275 2226
4 1950 3346
2 1821 4276
1 2755
1 1233
1 1810
1 2311
4 1821 4276
5
3 3975
4 624 2260
2 1495 3662
4 1495 3662
2 1950 3736
1 2921
1 1976
4 1950 3736
1 1318
5
5
5
5
5
5
5
5
3 3300
3 3662
5
3 275
5
1 1666
2 145 4711
2 1212 3339
4 1212 3339
4 145 4711
3 4809
1 3203
3 1976
2 1810 4501
5
2 145 3250
1 2978
1 382
4 145 3250
1 3436
2 2311 2921
5
5
3 65
4 2311 2921
1 3782
1 1258
1 2910
5
1 3462
5
3 1038
1 2073
4 1810 4501
2 1821 4535
1 4051
1 4699
5
1 1388
2 249 3255
2 1258 2755
3 2489
2 2444 4351
2 249 1258
1 1828
4 249 3255
2 2226 3339
3 1212
1 3104
2 1198 2404
2 2444 3462
4 2444 4351
4 1821 4535
1 1475
1 185
1 2603
4 249 1258
5
2 1198 1289
2 1318 4380
5
1 2136
1 1421
1 379
2 314 1198
2 2328 4699
2 4090 4351
2 2827 3775
4 1198 1289
4 2226 3339
5
4 2444 3462
3 1950
4 1258 2755
4 1198 2404
1 2861
4 4090 4351
2 1284 2073
3 1233
2 1810 2073
5
5
5
4 314 1198
4 2827 3775
2 504 3736
2 145 3436
4 1810 2073
1 873
2 185 4664
4 2328 4699
3 2302
2 1666 2752
3 1821
2 3234 4699
5
5
5
1 1564
4 185 4664
2 2910 3463
4 1318 4380
4 3234 4699
1 3155
3 504
2 2978 4185
2 3346 3782
4 2978 4185
5
3 1495
5
2 1506 4711
1 677
5
2 4216 4276
5
5
4 1666 2752
1 740
1 3500
2 4535 4539
1 4340
2 624 3729
5
2 2685 3203
2 2260 2328
4 3346 3782
4 4535 4539
2 1810 3104
4 4216 4276
2 2921 3155
5
3 1198
4 1506 4711
1 688
1 1697
1 4775
1 2821
5
3 4775
5
1 1449
3 3255
5
1 347
5
2 2685 2922
5
3 624
1 2338
3 1449
3 145
2 1258 3234
5
5
2 2444 4185
5
4 1258 3234
4 2921 3155
2 242 2404
2 1388 2073
4 2910 3463
4 2685 2922
2 2921 3500
3 2755
5
3 1475
3 3104
2 2603 2821
1 2097
4 2260 2328
4 1284 2073
3 4501
4 2603 2821
1 474
3 1630
2 740 2827
5
4 2685 3203
5
3 474
4 1388 2073
2 1318 4380
3 4351
2 1258 2404
3 4272
3 314
3 2192
1 345
3 1756
2 1289 2328
3 2404
4 1289 2328
4 2444 4185
2 1421 2685
4 2921 3500
3 2921
1 2502
5
4 740 2827
2 689 2416
5
4 1318 4380
1 3307
1 3070
4 1421 2685
5
2 4664 4711
2 2685 2827
2 185 4340
3 2821
2 249 3736
2 347 2097
5
1 1030
4 2685 2827
5
1 940
3 940
3 3736
2 3436 3500
2 4276 4539
1 1583
3 4340
5
2 2978 4380
3 4711
1 392
2 1421 2922
2 1666 2073
1 1045
5
1 1523
4 1666 2073
1 888
1 4538
4 4276 4539
5
5
3 4276
2 185 1576
5
3 379
3 1289
1 3363
1 3773
1 654
4 3436 3500
2 1318 2752
4 185 1576
3 3782
1 3542
2 4090 4538
4 347 2097
2 2592 4539
4 689 2416
1 3164
2 2097 4051
2 888 2260
1 4662
2 345 3203
5
5
3 688
3 3714
5
3 2861
4 2592 4539
2 1421 2978
2 3155 3436
4 3155 3436
5
3 4185
4 1421 2978
1 3373
1 3935
3 382
3 1827
2 242 2978
5
4 888 2260
2 1284 3775
1 3735
2 392 3203
3 3070
5
2 3500 4535
5
5
2 1167 2136
3 677
5
4 4090 4538
2 1666 2287
3 3436
5
1 1359
2 392 1421
2 2910 3542
4 1284 3775
5
5
1 1253
5
1 2173
1 3958
1 1956
4 1167 2136
2 2603 3339
1 557
3 4380
4 1666 2287
4 392 3203
3 4664
5
5
3 2603
3 1583
5
5
1 3431
4 3500 4535
2 1506 3431
3 4051
5
1 4400
3 1697
3 3935
3 1830
3 347
1 3625
1 672
2 3339 3500
3 740
5
1 2798
4 1421 2922
5
4 3339 3500
1 4687
1 205
3 2136
4 1506 3431
5
3 873
4 392 1421
4 2910 3542
5
1 712
3 4538
5
5
4 1318 2752
5
5
4 242 2978
4 345 3203
5
5
5
2 712 2922
5
2 888 2311
2 557 2798
1 4588
3 3155
2 930 1576
1 1958
1 2227
1 1268
4 557 2798
1 463
4 712 2922
1 4285
2 1576 2073
3 2910
4 930 1576
3 2592
5
4 1576 2073
2 185 1388
4 185 1388
2 672 2097
3 1388
4 888 2311
3 4588
2 2416 3542
5
4 672 2097
3 4090
4 2416 3542
3 3373
3 2328
3 1810
2 1956 2444
2 888 4687
5
2 3431 3542
3 4687
4 1956 2444
1 137
2 2073 3363
4 2073 3363
1 4336
1 4005
5
4 3431 3542
3 1523
1 2397
1 183
3 3363
2 1318 2227
3 1268
1 3811
1 2981
3 2685
3 1258
4 1318 2227
3 2752
2 2227 2827
2 672 3462
2 2981 3625
4 2981 3625
3 2287
2 2226 3735
1 4815
5
3 1284
4 2226 3735
2 2978 3775
1 264
1 1605
5
5
2 689 1564
5
1 4422
1 1017
3 3729
4 2227 2827
4 2978 3775
2 2338 2978
4 672 3462
3 1958
2 712 1318
1 1148
5
4 689 1564
3 3339
4 2338 2978
4 712 1318
5
5
2 2922 4662
1 1647
1 624
4 2922 4662
5
2 712 4662
2 463 4422
1 2304
4 712 4662
3 4400
2 2397 3307
4 2397 3307
1 1905
1 4665
4 463 4422
2 1828 2922
3 2397
3 3234
5
4 1828 2922
3 3811
1 2168
2 1318 3542
4 1318 3542
3 185
5
1 3024
3 2978
3 557
1 764
1 1472
3 4285
3 712
1 1503
1 835
2 672 3735
5
3 345
1 1926
4 672 3735
2 1017 1828
4 1017 1828
5
2 205 392
5
2 654 1926
4 205 392
1 4391
5
5
3 4815
5
5
4 654 1926
3 2227
5
3 2311
3 1148
1 2794
2 1564 1956
4 1564 1956
3 1503
2 2097 3773
1 3561
2 689 2416
1 3540
4 2097 3773
5
2 4005 4216
5
2 392 2097
4 392 2097
5
3 624
2 183 1564
4 183 1564
1 1552
2 3540 3542
4 3540 3542
3 1017
2 1605 2260
4 689 2416
5
3 1905
1 1446
3 1564
2 1030 1576
1 3734
4 1605 2260
5
3 4391
2 2798 3775
3 3307
1 4371
5
4 4005 4216
4 1030 1576
3 3775
2 242 4535
5
2 1552 4535
5
1 4704
2 3735 4422
5
2 137 2260
5
4 242 4535
3 3346
4 137 2260
2 930 1359
1 4226
2 1045 3500
1 804
5
5
2 1926 3958
4 930 1359
2 672 3024
2 3024 3250
3 205
2 689 3540
1 4339
1 4397
4 3024 3250
1 4444
5
2 2922 4336
3 1576
2 3463 3958
2 2097 2502
5
1 3742
5
1 4373
1 3756
1 1198
2 1926 3431
5
3 264
3 242
2 1198 1666
3 3773
4 672 3024
2 3540 4371
4 1552 4535
3 4444
1 1322
4 1198 1666
3 3164
4 1926 3431
1 2818
3 1030
5
3 1666
4 3463 3958
5
2 249 4535
2 2818 2827
1 2359
2 3756 4539
1 64
5
4 3540 4371
5
1 2883
3 835
3 4226
2 888 1421
1 3195
3 183
4 1926 3958
1 3365
4 2818 2827
5
2 1647 3735
5
4 689 3540
1 2289
3 1421
4 2097 2502
4 1045 3500
3 4665
3 2260
5
1 1289
5
2 2097 4371
4 1647 3735
3 2226
4 2922 4336
3 3024
2 2173 4535
4 3756 4539
2 3195 3734
2 2416 4662
3 3756
2 3431 3734
3 2304
5
2 2818 3500
4 2097 4371
2 2502 4699
4 2818 3500
1 4374
4 249 4535
4 2416 4662
5
4 3431 3734
1 3940
5
4 2173 4535
2 249 764
5
4 2502 4699
2 2827 3561
5
4 249 764
3 3742
2 1956 4422
1 2356
1 4453
4 1956 4422
1 3444
3 4373
3 3625
2 1605 2338
3 137
3 4397
2 2444 4539
2 1647 3958
5
5
5
3 3250
2 1506 2827
2 1359 2097
4 2827 3561
5
5
4 2444 4539
3 249
3 2827
5
1 545
2 3561 3735
4 3561 3735
4 1647 3958
2 2818 2922
3 1045
1 330
1 1547
5
4 3195 3734
5
5
4 1359 2097
4 1605 2338
4 2818 2922
3 1926
4 3735 4422
5
1 1831
1 1924
2 1446 4374
2 2097 4453
5
5
4 2097 4453
3 804
5
3 2359
4 1446 4374
3 3958
3 2168
2 1647 4704
5
4 1647 4704
5
5
5
5
3 1318
2 1359 1956
3 4453
2 2444 4535
4 1359 1956
5
5
2 3542 3735
4 2444 4535
1 4670
4 3542 3735
1 3175
2 3735 4216
1 3080
2 3365 4535
3 4662
5
5
2 654 4336
2 3431 4216
3 764
4 3365 4535
5
5
2 1547 2502
3 3463
3 4539
4 3735 4216
2 463 3365
3 1359
3 463
2 64 1605
4 654 4336
2 2356 3195
4 3431 4216
4 1547 2502
2 1289 2173
4 2356 3195
2 2073 3175
3 3542
1 1170
5
4 64 1605
5
1 1520
1 3825
1 4348
2 654 1552
4 654 1552
5
3 689
3 2356
1 4651
1 3859
4 2073 3175
4 1289 2173
1 4795
5
1 1797
2 64 4651
2 3940 4374
4 64 4651
1 1664
5
2 2416 4651
4 2416 4651
1 2729
3 2981
3 4374
1 4725
3 4371
5
3 1170
5
2 1322 1664
2 3561 4336
1 3105
5
2 392 4699
1 2996
1 4406
3 930
3 3940
2 3105 4699
3 1472
5
1 4070
3 4725
1 173
4 3561 4336
3 1828
3 1664
4 392 4699
4 3105 4699
3 1446
3 4795
3 4699
3 4535
2 1520 3735
2 1167 1506
4 1167 1506
2 4336 4422
2 1797 3175
5
5
1 3436
4 4336 4422
4 1797 3175
4 1520 3735
1 577
1 467
1 3063
2 3105 3195
4 3105 3195
1 2499
2 1647 2097
1 1992
2 4336 4651
2 3365 3859
5
2 1322 3431
3 1167
4 3365 3859
3 1289
1 1815
1 2586
2 2818 3735
1 29
3 3080
1 2944
2 2499 3734
3 2883
5
5
5
4 1322 3431
1 2290
4 2499 3734
3 577
4 1647 2097
5
3 1605
4 2818 3735
2 1815 3859
2 2416 4216
1 3912
3 672
2 1322 4422
5
1 2410
1 4571
3 4348
2 654 3431
1 4523
5
5
5
5
2 1797 2416
2 2502 4651
1 4163
2 1831 4163
3 888
2 2586 4571
5
5
4 4336 4651
1 3355
4 1831 4163
5
4 2586 4571
2 3912 4070
5
1 1380
5
5
5
3 2922
1 4282
2 1380 2289
5
3 1797
2 2416 2798
3 4651
5
2 1547 2410
1 3719
2 1552 2410
2 29 4339
3 3436
3 545
5
3 3195
1 1875
3 2502
4 29 4339
5
2 1547 3355
2 1520 3734
4 2416 2798
2 4336 4422
4 1547 3355
3 2444
3 4571
1 4037
4 2416 4216
2 3355 4005
3 3462
5
3 3734
3 173
1 807
2 2097 4406
2 1956 2499
3 2290
3 4037
4 4336 4422
4 3912 4070
3 1547
2 3912 4339
1 3292
2 1198 4336
4 3355 4005
2 1506 1647
1 1454
1 2032
5
4 3912 4339
1 751
2 64 1815
5
2 2996 4070
3 3735
1 4801
1 2133
1 1913
1 4841
1 3666
5
2 3355 3719
1 1488
5
5
5
4 1552 2410
3 4282
2 2794 3203
5
4 1815 3859
3 1322
1 2802
5
3 1815
5
3 330
5
3 1552
4 1380 2289
1 433
4 2794 3203
5
5
1 3100
1 1902
5
2 654 2173
1 1910
3 2097
1 2001
3 2173
2 751 2001
5
4 3355 3719
1 1768
1 485
1 940
1 2088
4 1506 1647
4 654 3431
4 1956 2499
3 485
2 2073 3719
4 1198 4336
1 3102
3 4216
3 1198
3 940
1 304
5
2 2289 2818
2 3719 4841
5
1 1258
1 2634
3 2001
2 467 2634
1 1377
1 3527
3 3561
3 4163
5
2 64 2032
4 3719 4841
4 2073 3719
4 467 2634
2 2289 3063
3 4070
1 4104
1 2956
5
2 1924 2032
2 1913 2634
4 1913 2634
1 1047
2 1488 3540
1 2129
3 2410
2 433 3912
3 1956
2 2944 3431
4 2289 3063
3 1520
3 3859
2 1506 4422
4 64 2032
3 2129
4 2289 2818
4 1488 3540
2 2416 3203
2 2729 3825
1 260
3 2818
5
1 1370
2 29 1924
1 2195
1 247
1 4680
5
3 1258
1 4667
3 2032
2 1377 1506
3 3912
4 1506 4422
3 3100
3 1768
5
2 2499 3063
5
4 2416 3203
3 3063
4 1377 1506
1 3430
3 1370
3 1992
5
5
5
2 2073 3175
1 2857
3 3430
5
3 64
2 433 4005
4 2073 3175
3 4841
4 2729 3825
3 2586
2 2073 4406
4 29 1924
2 1047 2634
2 4104 4704
2 1047 1380
1 1663
4 4104 4704
4 2944 3431
4 1047 2634
2 2944 3292
4 1047 1380
3 2956
2 29 4104
1 1622
5
3 3666
2 1910 3292
2 2289 2416
1 2893
4 2073 4406
5
1 4737
3 2499
2 260 4523
1 4065
5
4 260 4523
5
3 4667
1 2891
1 1066
1 2509
2 247 2857
4 1910 3292
2 247 807
2 260 1910
4 2944 3292
2 247 2289
1 1210
4 433 4005
3 4422
1 723
4 247 807
1 4630
2 654 1454
4 29 4104
5
4 247 2289
3 2944
4 247 2857
3 4005
1 951
4 260 1910
1 3662
2 1380 3527
3 3719
5
5
3 3355
4 1380 3527
5
1 4830
4 654 1454
3 4801
5
4 2289 2416
1 4182
1 3585
5
2 1454 1488
3 3500
4 1454 1488
2 2802 3431
1 1684
2 1924 3825
5
1 4370
1 1844
3 1831
3 1647
2 723 1377
2 467 1253
5
4 2802 3431
1 607
2 247 723
5
1 2253
1 1472
1 808
4 247 723
5
1 2778
5
5
2 751 3662
2 1472 4680
1 1404
5
5
3 2088
1 1775
3 4339
2 2893 3527
1 2663
2 807 3444
1 2259
1 2345
1 3584
3 3584
3 1844
2 2798 4370
5
1 2120
1 2135
1 3541
4 807 3444
5
2 1047 2345
3 2135
2 654 2338
1 3350
5
3 2857
1 3330
4 467 1253
5
1 1495
4 1924 3825
4 751 3662
3 1506
5
4 1047 2345
1 1114
1 101
3 2259
5
2 808 2729
1 1973
1 1999
2 1472 3365
3 3350
2 1999 3292
1 4765
5
1 2070
1 918
5
3 1253
3 2338
2 1775 2120
3 3175
1 4260
5
2 1377 3203
1 2338
1 3163
4 723 1377
2 29 2798
2 101 3330
2 260 1913
3 2794
3 1902
2 1454 1999
2 1973 4737
2 433 4830
1 1243
4 1999 3292
2 807 2289
1 3155
1 4795
1 3961
2 1684 4765
1 1086
2 2802 4523
1 718
2 2133 2634
2 260 3102
5
3 654
2 607 2120
2 2996 3961
5
3 3105
1 1444
2 29 3292
2 951 4065
1 4827
2 3292 3330
4 1775 2120
2 1913 1924
3 1973
3 260
1 154
5
1 1157
4 433 4830
3 1066
5
2 154 4065
4 1377 3203
1 4291
1 4831
1 565
2 723 3102
5
5
5
3 1377
5
3 2289
5
4 2893 3527
4 2798 4370
5
5
4 29 3292
1 1695
2 2663 3527
3 718
4 723 3102
1 1373
4 607 2120
3 3102
2 1775 3365
5
1 2293
4 951 4065
3 1086
2 607 2120
4 2663 3527
3 1444
5
2 2120 3431
4 3292 3330
2 607 2798
3 467
4 1472 3365
4 1684 4765
2 2293 3292
2 2509 3527
2 3431 4370
1 3269
2 808 1999
5
5
2 751 4182
3 3292
1 3746
1 4325
5
4 2509 3527
3 1622
2 1380 2663
4 808 2729
4 1454 1999
3 2070
5
3 3746
3 1910
3 3961
4 101 3330
5
2 2133 2195
4 1380 2663
2 2778 4104
2 1210 4831
2 1210 2634
4 2802 4523
3 29
4 751 4182
1 140
2 2345 4325
2 2416 2509
2 2416 3431
1 1578
3 1404
5
1 1591
3 304
3 2634
3 4523
3 2120
2 4336 4765
5
1 1485
5
2 1047 3444
2 2509 4065
1 3789
2 607 4104
3 4831
1 3015
4 1472 4680
5
1 4720
3 2253
1 2958
2 1924 4765
4 2778 4104
5
5
2 247 2996
1 284
1 1371
4 2416 3431
1 3106
4 154 4065
3 1243
3 565
2 284 1578
3 1578
3 808
4 2416 2509
1 992
1 1049
3 3540
1 171
2 284 3106
1 324
5
4 2133 2195
5
4 607 2798
3 1049
5
5
2 2293 4325
2 101 2729
5
4 2345 4325
3 4406
5
5
5
1 1972
1 2878
2 3106 4370
4 1047 3444
1 4840
3 3662
1 1030
5
3 3155
1 3629
3 2195
4 1924 4765
3 1114
2 918 4630
3 3789
2 324 2073
3 2996
4 2293 4325
4 1913 1924
4 607 4104
3 1591
3 2345
5
2 2416 2891
3 4336
5
5
3 4325
5
3 1485
3 1495
5
2 324 1157
3 324
3 3541
1 3890
5
3 4291
3 4680
2 2729 3825
2 284 918
2 1373 3015
4 3106 4370
5
5
4 918 4630
1 959
2 140 807
1 534
4 1775 3365
1 54
4 3431 4370
5
3 2893
2 4630 4827
5
1 1855
5
3 2891
4 140 807
2 959 3106
1 89
5
1 749
2 101 1775
5
4 101 2729
3 4840
3 3330
5
4 2509 4065
2 607 4182
3 1472
1 2024
5
2 992 2878
1 4548
4 4630 4827
3 1488
5
4 101 1775
2 2663 3163
2 1030 2509
3 4260
5
4 284 918
3 3431
2 918 1157
4 1030 2509
1 1678
5
1 1074
1 1720
4 992 2878
5
3 2073
5
5
3 3015
1 1544
3 4795
1 562
2 751 1380
4 284 3106
3 1544
2 284 1678
3 3444
3 607
4 918 1157
1 2884
1 2727
1 1769
4 2729 3825
5
3 1371
2 2729 4765
5
4 2663 3163
2 2778 4370
4 284 1678
2 392 3585
3 4737
5
2 433 1454
4 392 3585
4 433 1454
5
3 4548
2 1972 4830
3 3890
4 959 3106
2 723 4104
5
4 2778 4370
3 2133
4 2729 4765
3 171
3 1769
3 1695
5
4 1972 4830
5
3 4370
5
4 751 1380
2 2663 2729
2 1972 4720
1 4026
3 4630
3 3585
3 1913
2 3527 4704
3 3163
3 54
5
3 2663
3 89
5
2 1157 3527
4 1157 3527
4 1972 4720
4 3527 4704
4 723 4104
2 1720 3269
2 959 2416
5
5
3 3365
4 1720 3269
4 959 2416
2 4704 4765
5
1 1665
2 2802 4026
4 2802 4026
1 514
2 247 4765
2 1663 1720
4 4704 4765
1 4785
3 2338
2 2293 2727
4 247 4765
5
4 1663 1720
3 3203
1 2501
2 749 1678
4 2293 2727
5
2 2024 2878
5
4 749 1678
1 1013
2 1855 3825
3 247
5
4 2024 2878
4 1855 3825
1 1573
2 2729 4720
5
1 4119
2 392 2958
4 2729 4720
4 392 2958
2 433 4765
5
2 1720 1999
3 3825
2 959 4827
3 1775
2 1013 1573
5
1 4781
3 1678
2 562 723
4 1720 1999
5
4 433 4765
3 2727
1 4597
1 90
3 723
3 562
4 959 4827
5
1 3362
2 1157 1855
4 1157 1855
5
1 4653
2 2501 4765
5
2 1875 3362
1 2248
3 4065
5
3 4597
3 2798
1 4387
4 1013 1573
5
3 284
1 2907
3 4704
3 1013
5
4 2501 4765
3 3106
5
2 807 959
4 1875 3362
2 1210 1720
2 2024 3527
5
1 4311
4 1210 1720
4 807 959
1 741
5
5
5
4 2024 3527
3 1684
5
3 2884
5
5
1 3996
3 2416
3 2778
5
1 2140
2 90 741
3 741
5
2 534 4765
4 534 4765
3 1030
1 1377
3 514
1 4516
3 2024
5
2 951 1665
2 2293 2802
2 751 1047
2 534 1720
3 101
1 1668
2 2907 4182
4 2907 4182
5
2 1665 4026
2 1668 4653
3 4119
2 392 4104
1 4848
3 1668
3 2878
4 2293 2802
4 392 4104
3 4848
4 751 1047
5
4 534 1720
4 951 1665
1 53
2 2501 4104
5
2 392 1855
5
4 392 1855
3 992
2 959 4765
1 2967
3 154
3 4827
2 3629 4720
4 2501 4104
5
4 959 4765
3 1663
1 2826
3 1999
1 3210
5
2 807 4830
1 35
4 3629 4720
4 1665 4026
4 807 4830
1 3802
3 4026
2 751 3362
4 751 3362
3 4387
1 2995
1 1500
2 1157 2907
5
3 433
3 35
1 3227
4 1157 2907
5
5
1 3543
5
1 3496
3 4516
2 1373 4670
4 1373 4670
1 4790
5
1 3806
2 2501 2729
2 1047 2293
2 1855 2826
4 1047 2293
1 2422
1 1395
2 53 4182
2 392 1454
4 53 4182
2 3543 4765
5
3 1924
3 1157
1 4539
5
5
4 392 1454
1 3534
1 1901
3 4182
2 1074 3806
4 3543 4765
1 1868
2 53 1395
3 1454
4 1074 3806
2 392 3543
3 1972
1 4647
3 3210
3 2995
3 4781
4 1855 2826
4 392 3543
3 90
3 3629
4 2501 2729
5
2 1868 2422
3 1395
3 4539
5
2 1868 4790
5
4 1868 2422
2 1500 3527
3 1868
5
2 1665 2729
2 918 2958
4 1665 2729
2 1210 1720
3 1373
4 1500 3527
1 3959
3 3362
5
4 1210 1720
3 3543
3 4653
4 918 2958
2 2509 2907
1 1924
2 1380 4830
3 4670
3 1380
5
3 2509
3 1500
3 3527
3 3534
1 596
2 1665 3996
5
4 1665 3996
2 3496 3959
4 3496 3959
1 1230
2 749 1210
3 2958
5
1 1667
2 3496 3959
2 751 1667
1 2267
3 534
3 1720
5
3 751
5
2 4720 4765
5
2 959 2293
4 4720 4765
4 959 2293
4 3496 3959
4 749 1210
5
3 1047
1 1768
1 4026
2 959 3996
4 959 3996
5
1 220
3 3959
5
1 155
5
3 4720
5
5
5
5
3 1377
5
5
2 1074 3802
5
2 596 4790
3 2422
2 1074 4104
5
5
5
4 596 4790
1 4208
1 974
4 1074 3802
1 2805
5
5
5
5
4 1074 4104
5
3 2907
1 1649
2 392 2967
4 392 2967
1 3869
5
1 2450
5
3 1074
3 2248
5
1 991
1 3370
5
2 2967 4830
1 274
2 807 2450
5
1 1852
3 3269
2 53 4104
5
4 2967 4830
1 340
5
1 1039
4 807 2450
4 53 4104
1 2018
3 3802
5
3 1665
3 2140
1 2407
3 4208
3 4647
5
3 951
3 2501
3 1667
1 311
1 1732
2 3227 4785
5
4 3227 4785
2 155 1649
1 396
1 4810
5
5
5
2 1732 2293
2 2802 4810
3 53
5
1 1570
3 2826
3 3227
4 1732 2293
2 340 991
2 2450 3869
2 220 991
3 1570
1 2145
1 1721
4 340 991
2 974 3996
4 155 1649
1 908
3 1768
5
5
1 4362
1 625
3 396
1 1932
2 959 3806
4 974 3996
4 220 991
3 4790
4 2450 3869
3 140
3 1924
3 3869
2 2805 3806
1 2049
2 311 1732
1 2178
5
1 2129
2 3496 4362
5
2 3996 4311
3 3370
3 1721
1 2074
4 3996 4311
5
2 220 1039
4 3496 4362
1 131
4 2805 3806
2 2267 4785
1 3757
4 959 3806
2 991 4104
4 2802 4810
5
5
1 2929
4 2267 4785
2 1852 2178
3 311
3 4765
5
1 2953
3 807
2 749 1852
3 2802
2 749 918
3 2074
4 749 918
2 155 4104
5
3 1852
1 2067
5
5
1 3893
3 4311
1 2254
4 155 4104
5
5
4 220 1039
1 619
3 974
1 3519
5
2 274 2129
2 1649 2293
5
3 4104
5
4 274 2129
5
5
3 4026
2 2953 3519
1 132
2 220 908
5
3 1573
4 1649 2293
2 1649 2953
2 132 392
3 749
5
3 2450
2 959 2129
4 1649 2953
4 959 2129
1 2023
3 2178
3 1875
3 908
2 2023 3806
2 220 991
3 2407
2 596 4810
2 1855 3519
3 918
4 2023 3806
2 155 959
4 220 991
5
2 3519 3893
3 2254
5
2 340 596
1 4765
2 596 1901
4 1855 3519
5
1 492
2 2805 4785
5
5
3 3996
2 340 4830
3 2049
1 1561
5
1 2635
3 1210
4 340 4830
5
2 3519 3806
2 2023 4765
1 4338
3 625
4 2953 3519
4 2805 4785
5
5
2 1901 4338
5
1 4237
4 3519 3893
4 3519 3806
3 3757
5
5
2 274 3519
3 4237
1 3391
5
5
1 3190
2 1230 2293
4 274 3519
2 2145 4765
5
2 1855 2023
4 340 596
2 274 2145
1 3158
1 3504
2 1901 2967
1 2611
3 2929
2 131 2967
3 4362
1 1281
5
1 379
3 619
2 392 2293
4 274 2145
3 492
5
2 274 2611
2 2953 4338
4 392 2293
3 3190
5
1 1188
2 155 1230
5
1 1961
1 4143
1 3273
2 1732 4785
5
5
2 1561 2267
5
5
5
2 1901 4810
1 994
2 2611 3391
5
4 2611 3391
1 3091
2 392 2267
2 3391 4338
1 716
3 1901
5
3 2611
3 2953
5
2 131 596
3 2018
1 4189
4 1230 2293
5
2 959 2967
4 1732 4785
5
2 132 4785
5
1 0
4 392 2267
5
2 959 1855
1 4562
2 340 1281
5
1 4640
1 4764
2 155 3806
5
1 236
2 4810 4830
3 1649
5
5
5
1 2225
4 1855 2023
1 1837
2 1961 3273
1 999
2 379 4562
3 4830
3 3806
4 3391 4338
3 3893
1 3146
2 155 2967
3 4338
4 340 1281
2 3146 3496
1 2754
3 236
2 991 3496
5
5
2 379 2293
1 860
3 3273
4 155 1230
4 2145 4765
4 1561 2267
5
2 1961 2225
2 2293 3519
4 379 4562
1 553
5
4 131 596
4 132 4785
2 392 1039
5
1 4239
1 4532
2 2129 4143
5
1 1454
1 2885
3 2729
5
3 4562
1 4711
2 2267 2885
1 756
3 220
3 0
5
3 1454
2 4640 4785
3 4239
4 155 959
1 3740
1 14
5
1 1657
2 3496 4143
4 132 392
3 1932
1 1714
2 2145 3091
1 1403
5
5
3 2967
4 379 2293
3 1230
3 553
5
4 3496 4143
5
5
4 2129 4143
2 155 3504
2 1281 4143
1 4813
5
2 340 596
1 2599
3 2067
4 392 1039
2 716 991
4 596 4810
1 4487
2 1837 1855
2 1281 3391
4 1837 1855
1 226
1 4520
1 2505
4 4640 4785
5
3 1732
2 1961 3146
2 392 716
2 756 1188
2 1403 4711
5
3 994
2 132 860
4 1403 4711
5
5
2 1039 2023
2 4532 4711
2 2145 4189
1 3310
3 3158
2 1714 4764
2 2599 4189
1 194
4 756 1188
2 1403 2145
5
3 1281
5
1 506
5
2 155 3091
1 1253
5
1 3196
3 1837
5
3 3310
3 14
1 3433
4 2145 4189
4 132 860
3 991
5
1 1648
4 155 3091
2 131 132
4 959 1855
2 1561 3091
4 2145 3091
1 2889
1 3939
2 1188 4785
2 959 3496
4 2267 2885
2 1039 2129
5
5
5
2 716 4520
3 4520
2 132 2023
4 392 716
4 131 132
4 340 596
3 3496
5
2 2885 3433
5
4 2023 4765
3 4785
4 4532 4711
4 132 2023
1 2695
5
2 716 1403
2 2267 4711
3 506
3 3519
3 2754
3 2267
4 1039 2129
1 3402
5
5
3 959
3 2225
4 1561 3091
3 716
2 3391 4765
1 1274
1 1365
3 1403
1 2734
3 1365
1 4554
1 3346
3 4143
4 1961 3146
1 4778
4 3391 4765
1 265
5
1 4180
2 340 4810
4 1714 4764
5
2 1657 4640
4 1039 2023
4 2599 4189
5
1 2495
1 4514
3 4514
1 3854
1 262
1 2871
4 155 3504
4 2885 3433
4 340 4810
3 4487
5
3 2635
5
5
2 1274 4813
3 3196
1 2689
3 2885
4 1274 4813
3 2695
5
3 2505
2 2805 4189
1 1140
4 2805 4189
4 1657 4640
2 3854 4711
2 2293 3391
1 1088
5
2 262 999
4 262 999
2 132 2495
2 2805 4180
1 135
5
3 2495
5
5
1 2538
4 2293 3391
3 274
4 2805 4180
5
5
3 265
3 1088
1 4045
1 3279
3 1855
5
3 1714
5
3 1648
5
2 4764 4813
1 912
5
3 2734
3 1561
5
1 454
1 3350
5
2 1140 3740
5
4 3854 4711
2 340 4045
5
5
1 973
4 1140 3740
4 4764 4813
4 340 4045
3 1961
3 1140
2 155 4813
1 2957
5
4 155 4813
5
3 3740
3 3504
1 2038
1 2146
3 2957
2 262 1657
4 262 1657
2 3279 3391
3 999
2 155 3402
5
4 3279 3391
4 155 3402
1 134
1 4501
3 2145
1 3473
2 2538 4189
1 2312
1 3731
2 912 4640
4 912 4640
5
3 2538
2 3091 3731
1 4712
2 2023 4189
4 3091 3731
5
2 226 3350
4 226 3350
3 1039
3 3346
5
1 76
2 340 1657
1 4351
2 3091 3279
1 4112
3 3146
3 4554
1 4412
1 2919
1 3464
2 3854 3939
5
5
5
4 3854 3939
3 4501
1 2479
4 2023 4189
2 596 3854
2 131 3464
3 3350
3 4764
5
2 132 4712
3 1253
4 3091 3279
4 596 3854
1 1770
3 340
1 888
3 262
3 1770
2 155 1657
5
2 392 3464
4 392 3464
2 4180 4813
2 1274 4189
1 1362
3 888
5
1 3384
4 4180 4813
3 379
1 2204
2 2689 2871
5
1 504
3 4712
1 4298
2 504 2038
4 155 1657
1 4063
4 504 2038
5
1 2344
2 134 4063
2 134 2599
1 3136
1 2159
3 3473
1 563
4 134 4063
5
5
2 4180 4711
5
3 1188
1 3206
2 2038 4778
4 1274 4189
1 1627
3 2146
2 4045 4778
4 4180 4711
5
5
3 2599
2 392 4532
2 131 132
4 392 4532
2 76 3402
4 131 3464
5
3 4810
2 2919 4180
4 2919 4180
1 4660
1 2816
3 3731
3 4660
3 4063
2 3854 4351
3 4765
1 1673
1 276
3 1274
3 563
1 2268
3 135
5
4 2689 2871
3 4189
3 3939
5
3 2805
5
2 2889 4640
4 2038 4778
4 2889 4640
3 4180
4 3854 4351
3 4711
4 76 3402
3 454
2 226 2889
1 4394
5
1 3578
3 2023
5
2 194 756
5
4 4045 4778
3 2268
1 1724
1 4382
5
1 880
1 1563
3 1563
5
5
3 2689
1 1610
1 4727
5
4 226 2889
2 860 3578
3 155
4 194 756
4 131 132
3 4532
4 860 3578
2 3091 3391
5
2 76 4351
5
5
5
1 877
4 3091 3391
1 2075
4 76 4351
2 2129 4351
1 2268
3 880
4 2129 4351
5
2 973 3206
4 973 3206
2 276 1673
1 2221
2 1657 2293
3 4640
1 2720
3 194
3 1610
2 134 3136
3 3206
3 3279
5
2 1627 2129
4 134 3136
5
1 56
3 4351
2 1657 1724
1 3831
3 392
3 2204
5
1 3499
5
2 134 596
2 56 276
4 1657 2293
4 1627 2129
3 2038
2 2159 2479
5
1 1284
5
5
5
1 4729
1 3171
1 2251
5
1 878
5
1 2010
4 1657 1724
2 2889 4729
5
3 2919
3 596
1 90
1 3079
4 276 1673
1 3621
3 56
2 2251 3171
3 1284
1 904
4 2889 4729
5
5
3 132
5
3 2720
1 1976
4 2159 2479
2 2159 3433
4 2251 3171
1 4237
5
4 2159 3433
2 877 3464
5
3 3136
3 756
4 877 3464
3 1673
3 1627
3 904
2 90 4727
4 90 4727
5
5
2 3391 4729
3 877
2 504 2268
3 4394
2 2221 4298
2 1976 2159
3 3464
5
2 2075 3578
4 504 2268
3 504
4 3391 4729
3 2344
1 2927
5
4 1976 2159
4 2221 4298
4 2075 3578
2 1976 4412
3 3171
2 2075 3384
4 2075 3384
1 4200
4 1976 4412
3 4200
5
1 1786
3 912
3 2293
3 90
5
1 2930
3 131
2 2075 2816
3 4382
4 2075 2816
3 2816
1 4291
5
1 71
1 3325
2 1362 2479
1 4129
2 2251 2889
4 1362 2479
4 2251 2889
1 2281
2 3433 4298
4 3433 4298
3 3384
3 2312
3 4291
3 2889
1 4307
5
5
1 2789
3 973
3 4045
2 226 2129
5
3 4307
4 226 2129
3 4129
2 2930 4778
1 1671
4 2930 4778
3 1786
1 2435
3 2251
1 457
3 3402
2 1976 2927
2 2075 3325
1 3798
4 2075 3325
5
2 276 3831
2 3391 3854
2 1657 2435
4 276 3831
5
3 2435
4 1976 2927
3 4112
3 4813
1 2626
3 276
1 1565
2 1724 4778
5
4 3391 3854
5
4 1724 4778
1 2186
2 3499 4237
5
2 3079 3091
1 892
2 1724 2281
3 2075
5
3 878
3 2129
1 4361
4 3079 3091
1 2300
1 2352
3 4298
4 3499 4237
2 2789 3854
5
5
2 71 4237
2 457 3433
4 71 4237
5
5
2 2281 2300
5
1 558
2 2626 3433
1 520
3 3798
3 2221
2 558 3578
3 1724
4 2626 3433
4 457 3433
1 3871
5
4 2281 2300
3 457
5
5
2 3499 3578
1 1148
3 226
4 558 3578
1 2365
5
2 71 2352
1 4003
2 3325 3391
2 2268 4412
4 2268 4412
3 860
1 3524
4 2789 3854
4 3499 3578
2 3499 3871
3 520
5
3 76
2 892 1976
5
2 4237 4778
2 2268 2871
1 4791
4 71 2352
3 4361
1 1373
3 2352
3 4237
4 2268 2871
1 2427
3 3079
1 517
5
1 4812
4 3499 3871
4 3325 3391
1 2771
1 1915
1 3944
3 892
1 4143
3 4729
3 1657
3 1148
2 1565 2427
5
2 558 4143
1 26
2 1362 3524
3 2010
5
3 1565
1 3712
5
3 2186
1 300
4 1362 3524
1 1440
2 2479 3831
5
5
4 2479 3831
1 791
4 558 4143
5
1 587
3 3712
5
3 4412
3 1373
2 26 2927
4 26 2927
5
2 2871 4778
2 1976 2281
3 517
4 2871 4778
2 2268 3091
4 2268 3091
1 3188
2 587 3524
5
1 734
1 4498
5
4 1976 2281
2 558 3944
4 558 3944
5
3 734
3 1915
4 587 3524
5
1 3360
2 2427 3433
1 2294
1 3266
1 2939
4 2427 3433
2 3266 3871
5
5
2 3871 3944
4 3266 3871
3 1362
5
4 3871 3944
5
2 2479 3871
4 2479 3871
1 3536
3 3325
5
5
3 2789
1 4504
3 4498
1 1241
2 2771 3433
5
1 3993
2 4791 4812
2 558 4504
3 2479
3 2871
2 3831 3871
3 3391
5
3 2268
2 1241 3536
2 2927 4003
4 1241 3536
4 558 4504
4 4791 4812
1 4169
3 134
3 3360
4 2771 3433
1 3883
1 4350
5
1 1913
1 3962
2 1440 2281
3 1440
3 3854
2 2281 3266
4 3831 3871
1 3286
2 3524 4169
4 2281 3266
3 3883
3 4778
5
4 3524 4169
2 791 3578
5
2 3962 3993
3 2626
4 3962 3993
5
1 2835
3 1671
5
5
1 367
1 3010
3 4350
1 3911
1 773
5
3 2927
4 791 3578
1 4229
1 1973
2 1973 4812
5
5
1 835
5
4 1973 4812
2 791 3286
3 4169
1 1344
3 2159
5
3 2300
5
1 3341
4 791 3286
3 3433
3 1241
2 3266 4143
3 3831
1 180
2 3578 4229
5
4 3266 4143
4 3578 4229
5
5
5
3 4791
2 2365 3499
2 1973 3944
4 2365 3499
2 180 2427
5
2 2365 3341
4 180 2427
2 3091 3524
1 376
1 3364
2 835 3578
4 1973 3944
3 791
5
3 376
5
2 3524 4143
3 2294
2 773 2771
4 3091 3524
3 71
5
4 3524 4143
4 773 2771
5
5
5
1 3096
2 3091 4229
2 2930 3524
1 2253
1 2597
1 3006
2 773 3621
2 2930 3578
1 1015
5
4 2930 3524
3 2930
5
1 1317
3 3871
4 2365 3341
2 558 3096
4 558 3096
3 1344
1 290
4 3091 4229
5
1 2266
1 2541
2 3006 3286
2 3499 3536
1 199
2 3499 4003
5
1 1173
4 773 3621
2 2835 4504
5
5
5
3 2771
2 26 2835
4 835 3578
5
2 1973 3524
5
1 4138
3 290
4 3499 3536
2 3188 4229
4 3188 4229
3 3010
1 4832
4 26 2835
3 3266
5
4 2835 4504
4 3499 4003
1 2576
2 2939 3006
5
4 3006 3286
2 2541 4504
2 3944 4143
4 2939 3006
5
1 212
5
5
3 2365
2 26 1973
3 2253
1 2765
3 3286
2 587 3341
2 3364 3578
4 587 3341
5
3 587
1 2984
3 2576
5
2 1015 2541
1 1311
1 4590
5
3 3962
2 1976 3006
4 2541 4504
3 3578
5
3 199
3 3621
2 3911 4832
3 3188
5
1 2529
1 2788
4 3944 4143
1 3834
2 180 3096
1 2944
3 2835
1 1835
5
4 1976 3006
4 180 3096
1 1337
5
3 4143
3 2944
4 1015 2541
5
4 1973 3524
2 3911 4229
3 3096
1 1974
4 3911 4832
1 2213
5
5
3 2529
2 773 4229
2 2765 4229
5
2 1973 4003
1 2026
3 2266
1 1855
3 26
3 2765
3 4590
3 2213
1 2119
4 773 4229
2 180 2119
3 4812
3 2939
2 835 3524
5
1 4531
4 1973 4003
1 2771
3 773
4 835 3524
5
3 1317
3 4832
5
5
2 3091 4504
1 1517
1 2697
2 2541 4531
5
1 2137
1 929
5
3 3499
5
3 180
1 1468
3 1517
3 1173
4 3091 4504
4 3911 4229
3 3834
1 1832
3 4727
4 2541 4531
2 2541 2788
3 4003
3 1015
1 2676
2 1913 2771
4 2541 2788
3 1832
4 1913 2771
3 1468
2 212 2427
5
3 4531
5
2 300 2788
2 1337 2697
1 2894
4 1337 2697
3 2137
5
2 300 367
2 1855 3364
4 300 367
5
1 1299
1 3166
1 34
3 3006
3 367
5
2 1337 2788
3 2597
2 2788 3536
5
3 1311
2 2026 3091
5
3 2788
1 2623
2 835 4229
2 3091 3364
2 1337 3364
3 3524
3 3993
2 1976 4229
2 3091 4504
3 2676
2 2771 3364
1 4306
3 4138
2 1835 4229
5
4 212 2427
4 1835 4229
3 2984
5
4 1855 3364
3 2541
4 1337 3364
1 4193
2 2026 3341
2 1835 2119
5
1 1092
3 1092
3 4306
5
1 4291
3 2623
1 1298
4 1976 4229
2 1973 2427
5
2 2026 4193
4 1973 2427
2 1835 4229
5
4 2026 4193
3 558
1 1215
2 1855 4291
2 1913 3364
2 212 1835
3 1973
3 300
4 1835 4229
4 3091 4504
3 1835
4 1855 4291
4 1913 3364
3 4229
1 2632
5
1 1849
4 2026 3341
3 1215
4 2771 3364
5
2 1337 2632
5
1 3510
4 2026 3091
2 1913 4504
2 2119 4291
5
4 3091 3364
3 2281
5
5
1 2689
4 1337 2632
2 1299 2894
4 1299 2894
2 1976 3091
5
3 2689
3 835
3 1913
1 1973
2 3536 3911
3 1973
2 3166 3944
2 2427 3341
5
5
1 2438
2 212 1299
5
2 212 3536
5
2 1974 4504
1 2918
5
1 1786
5
5
2 2026 2894
2 929 2894
1 2888
2 1298 3510
1 1406
4 3166 3944
2 34 1406
5
2 1855 2119
4 3536 3911
3 2438
3 2888
2 1786 2697
1 1833
5
5
3 4291
2 2697 2771
2 2697 3091
4 1855 2119
4 1974 4504
4 2697 3091
3 3510
2 1299 2771
5
4 212 1299
3 2697
1 795
5
1 3369
5
3 2119
4 2427 3341
1 3066
4 2026 2894
3 1337
3 1299
1 4363
5
2 1849 2427
4 929 2894
2 34 1849
3 795
2 1406 1855
5
4 1849 2427
2 2632 3536
1 156
3 1855
2 1406 3091
1 4130
4 34 1406
4 1406 3091
4 212 3536
1 741
5
1 2158
5
2 2918 3944
2 2026 2632
1 4590
1 3785
1 4287
1 2829
4 2026 2632
2 1849 1976
3 2771
3 3166
2 3911 4504
4 1849 1976
4 1976 3091
1 4072
4 3911 4504
5
5
4 2632 3536
3 3911
2 1298 1849
3 3536
5
3 2026
3 212
1 1972
5
2 1976 4072
1 4090
3 3066
1 3548
2 3364 4504
3 4287
5
4 1298 1849
5
2 1849 4363
1 4509
4 3364 4504
5
3 2829
3 4130
4 2918 3944
5
3 1976
2 3369 3785
3 3364
3 1786
2 3785 4590
3 2427
3 3785
5
1 3839
3 34
1 3357
5
1 4375
3 3091
2 1833 3548
5
5
1 1106
3 4504
1 432
3 4363
5
1 4675
3 3341
1 3525
2 1298 4509
1 2899
3 1849
4 1298 4509
2 156 3944
1 1897
5
2 1106 2899
1 931
3 1406
2 3839 4675
4 156 3944
1 1152
1 4800
3 2899
1 723
5
2 4375 4800
3 432
2 2158 3548
3 1897
1 1605
4 2158 3548
1 305
5
4 1833 3548
4 3839 4675
3 4375
3 2632
2 929 3839
3 3944
4 929 3839
1 681
2 1152 3357
2 3548 4800
4 3548 4800
1 3364
5
1 3739
4 1152 3357
3 305
2 2894 3357
3 2158
1 846
1 415
3 929
4 2894 3357
1 2167
5
1 651
2 1152 1605
3 651
3 1605
2 846 3548
4 846 3548
3 3548
1 1535
5
1 57
1 2397
5
3 415
5
2 723 4509
2 681 2918
3 4509
5
4 681 2918
2 2918 4193
3 1833
5
3 4090
3 1106
2 723 1152
4 2918 4193
5
4 723 1152
5
1 2137
2 2137 2397
5
4 2137 2397
2 4072 4193
1 557
1 861
2 2167 4800
2 931 3739
1 926
3 2137
5
1 3979
5
4 4072 4193
5
2 557 723
4 557 723
3 4193
3 3357
1 1822
1 1012
4 931 3739
1 1084
4 2167 4800
5
3 723
2 741 1012
2 846 3739
5
5
5
1 855
4 741 1012
3 3979
5
2 1298 3739
2 931 3839
1 3503
4 846 3739
4 931 3839
5
3 1298
5
3 3364
1 3636
1 284
5
1 988
3 1084
2 846 1974
1 14
4 846 1974
5
3 4675
3 681
2 741 1535
2 855 861
3 1974
4 855 861
4 741 1535
2 2397 4800
1 1732
4 2397 4800
1 458
3 1152
1 3682
2 741 3636
2 855 1732
5
1 1978
5
3 458
5
4 741 3636
2 1012 3739
4 1012 3739
4 855 1732
3 3636
2 284 557
2 557 931
3 3503
3 3369
4 557 931
1 2560
4 284 557
3 2167
1 4188
3 57
2 284 741
3 2918
4 284 741
1 4106
5
3 855
3 4800
1 3127
3 988
2 557 4106
2 557 1822
1 4125
3 156
1 197
4 557 1822
5
4 557 4106
2 1012 4188
1 646
3 557
2 741 4125
5
1 1665
5
3 1822
2 284 861
4 284 861
5
2 1978 4072
4 741 4125
4 1012 4188
4 1978 4072
5
5
3 926
2 1012 1732
3 646
1 780
2 846 4106
5
5
4 1012 1732
2 14 1535
2 861 3839
3 4125
1 2789
5
4 861 3839
5
5
2 780 2789
1 3163
1 257
5
1 4831
5
1 3136
1 1753
2 1665 1978
4 846 4106
3 741
3 14
4 780 2789
4 1665 1978
3 4831
3 4590
1 1266
3 4106
2 2397 2560
1 3417
5
5
2 1732 1972
5
3 257
3 3417
5
5
4 1732 1972
4 2397 2560
2 2560 3682
3 1972
2 846 3739
2 780 2560
2 2560 3163
5
2 1535 1732
4 2560 3163
1 3456
3 4072
5
4 2560 3682
1 1150
2 197 931
1 828
2 1535 3739
1 1110
5
3 1978
4 197 931
5
1 3968
2 780 2894
5
2 1535 3136
5
4 780 2560
4 1535 1732
3 861
4 1535 3136
4 780 2894
2 284 2397
4 284 2397
3 4188
3 284
3 3163
3 1753
3 1732
1 651
5
2 651 2560
1 2377
2 780 2377
2 1012 3456
3 1535
5
5
1 2731
3 2789
5
5
5
5
4 651 2560
5
2 780 3456
4 846 3739
1 2547
1 2292
5
2 931 1150
3 1266
2 828 1665
1 1133
1 2646
5
3 3682
2 2292 3839
5
4 1012 3456
2 197 1110
3 1110
5
3 3839
5
5
2 3456 3968
2 780 3525
3 3456
4 780 2377
4 828 1665
5
4 931 1150
2 2731 2894
5
3 3968
4 780 3525
5
2 828 2292
4 2731 2894
4 828 2292
5
5
3 2646
1 18
2 846 1133
2 828 2377
1 1333
2 2292 3525
1 817
4 846 1133
3 651
5
3 197
2 18 2292
5
2 1665 2377
3 2377
2 1012 2560
5
3 3136
2 828 1333
5
2 18 1012
2 1665 3525
3 1150
5
4 2292 3525
5
5
4 18 2292
2 780 2894
4 1665 3525
2 2560 2731
1 3380
2 1012 1333
3 846
4 1012 1333
2 817 2894
5
1 1126
4 18 1012
4 780 2894
3 3380
1 2043
3 817
4 1012 2560
4 2560 2731
2 1012 3525
5
2 2397 3127
1 1577
4 828 1333
3 1133
2 931 1333
4 1012 3525
1 2854
4 931 1333
2 1012 2894
4 2397 3127
2 2397 2547
1 3004
4 2397 2547
4 1012 2894
3 3525
1 3430
5
3 3004
1 1245
5
5
5
2 1012 1333
3 780
2 1665 2292
4 1012 1333
5
5
1 274
5
1 2586
5
4 1665 2292
1 343
5
1 239
5
2 343 1577
4 343 1577
2 274 1577
5
1 748
2 343 2547
4 274 1577
5
5
1 673
1 2128
5
2 673 2547
4 343 2547
1 1541
1 415
2 673 3430
4 673 2547
1 3132
5
2 2560 2731
5
4 673 3430
3 3430
5
3 239
4 2560 2731
2 1012 2560
5
1 4288
5
1 1355
5
2 343 2854
3 1577
1 815
1 477
4 343 2854
4 1012 2560
2 2586 3132
5
4 2586 3132
2 2560 3739
2 415 1665
5
3 274
4 415 1665
3 673
5
2 2043 3132
3 2894
3 4288
3 1333
5
5
2 343 2854
5
4 2043 3132
3 415
1 1214
2 2586 3132
3 2397
2 1541 3739
3 343
2 748 1355
1 4669
1 458
1 1495
5
2 2547 2854
5
1 1658
4 2560 3739
4 748 1355
1 1817
2 1541 2292
3 18
5
2 815 1665
1 923
3 1541
3 2547
1 1839
5
3 2292
3 2854
4 815 1665
4 2586 3132
3 1495
3 1658
2 2128 4669
3 2043
2 1245 3127
4 1245 3127
5
2 1245 3127
2 931 2731
2 815 3127
5
1 2152
3 3127
5
5
5
1 1121
3 458
1 411
5
2 748 2128
2 1121 1126
2 1839 3132
5
2 1121 1817
5
5
1 3488
5
4 2128 4669
5
2 1817 2560
4 1817 2560
4 1839 3132
2 923 1355
3 1121
2 477 815
5
3 2560
5
1 2130
1 4156
4 931 2731
5
5
4 748 2128
3 1665
5
1 500
3 2731
4 477 815
5
3 4669
1 3060
3 1126
5
5
3 1214
4 923 1355
1 1720
3 1355
5
1 1806
2 931 1245
2 1012 1720
4 1012 1720
1 2791
2 411 3488
1 851
3 1245
3 815
3 3488
5
2 828 1720
2 931 1720
2 851 2152
3 3739
4 851 2152
3 1806
4 931 1720
1 190
1 1267
2 828 1817
1 2853
1 892
2 923 2586
5
3 190
4 828 1817
3 500
1 2832
2 892 2791
2 1720 3132
4 923 2586
5
5
2 748 3132
2 748 1012
4 828 1720
4 748 1012
4 892 2791
1 4718
2 851 1267
1 3913
4 1720 3132
2 2152 2791
1 433
5
4 2152 2791
4 748 3132
5
2 931 2152
5
5
4 851 1267
5
4 931 2152
5
2 411 433
5
2 892 1817
3 3132
3 411
4 892 1817
2 923 1267
5
4 923 1267
3 2853
1 2591
2 1720 2128
1 3398
3 1720
2 931 3060
3 2586
4 931 3060
3 1267
2 828 4156
5
5
2 477 2152
4 828 4156
1 1692
4 477 2152
1 2110
3 3398
1 3698
5
3 1012
5
2 1817 2791
2 3698 3913
1 1515
5
2 433 1839
1 527
1 1583
4 1817 2791
2 1583 2130
1 4118
3 892
4 433 1839
4 1583 2130
2 851 1692
2 527 748
5
3 2128
3 433
3 2832
4 527 748
5
2 1692 1839
5
5
2 828 1583
3 851
4 828 1583
2 477 1817
3 4718
2 1692 3698
5
4 1692 3698
4 477 1817
1 2106
3 931
1 4443
1 3059
5
2 2130 2791
3 1515
2 748 2110
5
1 1405
1 2749
5
3 1839
1 1475
3 3059
5
4 2130 2791
3 1583
1 469
2 748 2130
4 748 2130
4 748 2110
3 2106
3 3698
2 527 1475
2 1692 2110
5
1 1978
1 1654
3 1654
3 3913
1 2654
1 2615
3 4156
3 3060
5
4 1692 2110
5
4 527 1475
1 2508
2 2749 4443
4 2749 4443
1 2683
5
1 851
1 4618
2 923 1978
1 3071
4 923 1978
5
3 2615
2 2110 2654
2 477 527
2 1692 2683
1 1846
4 477 527
3 4443
1 2928
3 477
5
3 851
5
3 2683
5
5
5
5
3 2110
5
5
3 2591
3 1405
5
2 828 1978
2 828 4618
5
5
5
1 3404
3 2508
2 469 748
2 923 4118
3 828
5
4 469 748
4 923 4118
2 2152 4618
2 2152 3404
3 1692
2 1846 2130
5
3 2130
3 1978
4 2152 3404
3 2791
5
5
1 3360
2 469 4118
4 469 4118
3 527
1 3820
3 748
4 2152 4618
1 4190
2 1475 4618
3 2152
3 1846
5
5
2 2654 3404
3 3404
1 4654
1 3135
3 3135
2 3360 4190
4 1475 4618
5
1 3016
2 1475 4118
1 675
5
1 3270
3 2928
3 4190
3 3820
1 3434
2 1817 2654
1 4171
1 2624
4 1475 4118
4 1817 2654
3 4618
5
2 3270 3360
2 469 2749
5
2 923 3016
1 2600
2 3270 4654
2 675 3360
4 469 2749
3 469
1 475
3 2600
2 3360 4171
4 923 3016
3 2749
4 3270 4654
5
1 2208
1 3821
3 475
4 3270 3360
5
3 4654
2 675 2654
5
3 3270
2 3071 3360
2 3016 4118
1 768
3 4118
1 1496
1 1410
5
1 959
5
3 3821
1 3733
5
1 35
4 675 2654
5
2 923 2624
4 3360 4171
5
2 768 1496
1 3593
2 768 2208
5
5
3 1496
2 1817 3016
4 768 2208
4 3071 3360
2 3360 3593
4 1817 3016
1 988
4 923 2624
4 3360 3593
2 1817 3434
3 4171
1 3242
1 1777
3 3593
5
4 675 3360
2 1475 3242
1 1625
2 2654 3733
1 3900
3 1475
4 1817 3434
2 1777 3071
3 3733
3 3242
5
1 619
4 1777 3071
2 35 3900
2 959 2654
1 858
5
4 959 2654
2 675 1817
3 959
2 35 675
3 3900
1 56
4 35 675
4 675 1817
2 768 988
3 2208
1 3182
4 768 988
3 3434
3 1777
2 619 2624
1 4595
3 2624
5
2 858 988
4 858 988
3 768
1 1249
1 739
5
5
2 988 3016
2 923 3182
3 675
2 923 4595
5
5
2 988 2654
2 619 1410
1 4748
5
2 3016 3182
3 988
4 3016 3182
3 35
2 858 1817
1 1875
2 858 3016
4 619 1410
2 923 1625
3 739
2 1410 3016
5
1 3973
2 1249 1875
3 1875
3 1410
4 923 1625
2 619 858
3 4595
5
3 4748
2 1625 3360
3 1249
4 619 858
5
2 56 1625
4 858 1817
5
3 3071
2 1817 3182
3 619
3 2654
4 858 3016
4 1817 3182
1 3687
3 1625
4 923 3182
5
5
2 56 3182
2 1817 3360
4 1817 3360
3 1817
2 3016 3182
5
3 858
5
2 56 3973
5
4 56 3973
1 958
1 2245
2 56 923
1 4139
1 2178
5
4 56 3182
4 3016 3182
5
5
2 2245 4139
2 3016 4139
2 2178 3360
3 3016
3 56
5
4 2245 4139
5
1 1151
5
4 2178 3360
1 2891
5
1 1142
1 4108
5
5
5
1 4491
2 2178 4491
2 958 1142
3 3360
3 4139
1 3642
2 2178 3182
4 2178 3182
2 1142 2178
3 4108
2 923 4491
5
2 3182 3687
3 3973
2 958 2245
3 2891
2 923 3182
3 2178
3 958
2 3642 4491
1 2773
4 923 3182
3 2245
1 167
3 1151
1 2815
1 4028
3 2773
3 167
5
4 3182 3687
2 2815 3182
5
5
1 2670
4 923 4491
5
2 1142 3642
1 3512
5
5
3 923
3 3642
4 2815 3182
5
1 554
2 2670 2815
3 4028
5
3 554
4 2670 2815
5
5
2 2670 2815
3 3512
5
1 1180
2 1180 2670
5
4 1180 2670
2 1142 2815
4 1142 2815
4 2670 2815
5
3 4491
5
2 1142 3687
5
5
5
5
1 1131
4 1142 3687
1 882
5
1 4502
1 1401
5
2 1142 2815
5
1 3663
3 2815
3 882
5
2 1142 1180
1 3738
4 1142 1180
2 1142 3663
4 1142 3663
2 1401 3663
1 1301
2 1180 4502
2 1131 1401
1 565
5
2 1142 3663
3 3182
2 1180 1401
1 890
2 1180 1301
2 565 2670
5
2 890 4502
3 3738
2 1131 1180
1 2136
4 1180 4502
2 1301 2136
5
5
2 1142 3687
5
1 4665
2 2136 3663
4 1131 1180
1 3612
5
2 2670 3612
3 3663
1 864
3 1301
1 4146
5
2 1180 4146
5
2 1131 3612
1 3747
4 1180 4146
2 1180 3687
3 565
5
3 1142
4 2670 3612
5
3 3687
4 1131 1401
2 864 1401
3 4146
3 4502
1 4830
1 2806
3 3612
2 4665 4830
4 4665 4830
2 3747 4665
5
1 4357
4 1180 1401
1 340
4 864 1401
2 2806 3747
5
5
4 3747 4665
2 1131 4830
1 4793
2 2670 4357
4 1131 4830
2 2806 4357
3 4357
3 2670
5
5
4 2806 3747
2 340 890
2 1401 4793
2 340 1401
1 2731
5
5
5
4 340 1401
3 4793
2 1131 4665
2 864 1131
2 2136 3747
3 864
5
1 3319
4 340 890
2 1180 2806
5
5
4 1180 2806
4 2136 3747
5
1 1132
5
2 340 1131
5
1 2132
5
4 340 1131
4 1131 4665
3 340
2 3319 3747
1 2288
3 4830
2 3747 4665
2 1131 3319
4 3319 3747
5
4 3747 4665
3 2731
1 4351
2 890 1401
1 1980
2 1131 2288
1 4032
3 4351
1 2606
2 890 2806
2 2136 3319
3 890
2 1132 2606
4 1132 2606
5
3 3319
3 1401
5
2 1980 2606
1 1859
1 1423
5
2 1132 2288
1 3247
3 1980
5
1 38
3 2288
2 1131 4032
1 3771
4 1131 4032
1 2813
1 1607
2 38 4032
4 38 4032
1 2863
2 1859 2806
1 529
3 3771
4 1859 2806
1 2177
2 2813 3247
1 1351
1 3851
2 4032 4665
1 1139
5
3 1859
3 2863
5
3 1132
2 1423 2136
3 1607
4 4032 4665
4 2813 3247
3 529
3 2132
2 1180 3747
5
4 1180 3747
2 3747 4665
4 1423 2136
4 3747 4665
2 2136 2813
2 1351 2136
4 1351 2136
5
3 4032
5
2 38 2813
4 38 2813
1 2572
1 3693
1 2320
3 1423
2 2606 2813
4 2606 2813
2 1351 2572
5
2 1131 2136
3 1351
3 2806
1 2308
3 3247
4 1131 2136
1 2679
4 2136 2813
2 38 1131
5
2 2320 3693
5
1 4183
3 2572
5
1 4546
2 1180 3693
4 38 1131
4 2320 3693
4 1180 3693
5
3 2679
3 2606
2 38 2308
5
2 3693 4546
1 4354
2 3693 3747
4 3693 4546
2 2177 3747
5
1 2703
5
1 4821
4 3693 3747
2 1180 4665
4 2177 3747
2 38 4665
2 2703 2813
2 2320 4665
2 2308 3747
5
5
1 2608
1 4806
2 2703 3851
5
3 2813
2 4183 4354
3 4806
1 4359
4 1180 4665
1 2986
1 2292
3 3693
5
5
4 2703 3851
3 3851
3 4359
5
5
5
4 2308 3747
1 4233
1 3732
3 2308
5
1 3760
5
4 38 4665
5
3 4183
4 2320 4665
1 3116
2 1131 2292
3 2177
3 2292
5
2 2986 4354
4 2986 4354
5
2 1139 3732
3 1139
1 4314
5
2 3747 4354
3 2136
5
2 2320 2608
2 38 1180
4 3747 4354
3 4546
5
2 2703 4354
2 2320 3116
5
3 4821
4 38 1180
3 4665
3 1131
5
5
4 2703 4354
1 2664
3 4233
1 217
1 931
1 3245
3 3760
2 217 2320
5
1 4449
1 1834
4 2320 2608
5
3 2608
1 2624
4 217 2320
5
2 2664 2986
3 2986
2 38 3747
4 2320 3116
3 4449
5
2 931 2320
4 931 2320
5
5
2 3245 4354
1 1226
2 2624 2664
3 4314
5
1 1514
3 2320
3 38
1 1073
4 2624 2664
2 931 2703
3 2664
1 4698
2 1073 1226
2 931 3116
3 931
5
5
2 217 3116
3 2624
2 1226 4354
3 4698
4 1073 1226
3 3732
2 1180 2703
4 1226 4354
1 2578
4 3245 4354
1 680
1 3183
3 2578
4 1180 2703
3 680
1 4778
4 217 3116
2 3183 4354
1 761
2 217 1226
3 3183
2 2703 3245
3 4778
2 1834 3747
4 2703 3245
2 1514 4354
1 3613
4 217 1226
5
3 2703
4 1514 4354
2 1514 3116
4 1514 3116
4 1834 3747
3 1514
3 1180
3 3747
5
3 4354
5
2 3116 3245
3 3613
2 217 1073
2 761 3116
1 4105
5
1 3583
4 217 1073
4 761 3116
2 1834 3245
4 1834 3245
1 3069
2 3069 3583
3 4105
5
1 2376
3 3069
1 3605
5
3 2376
1 557
1 603
2 217 761
2 217 603
4 217 603
5
3 3605
5
1 1522
2 1226 1522
2 1522 3245
4 1226 1522
1 3306
3 1834
2 761 1226
5
4 217 761
3 3116
2 1073 1226
2 603 3583
1 392
1 3209
3 3245
5
3 1226
1 2271
3 3306
4 603 3583
1 2588
1 244
3 603
3 217
3 557
2 392 2588
1 1270
4 392 2588
5
2 392 2271
2 761 1522
3 2271
3 3583
3 1270
5
1 142
3 1073
3 244
4 761 1522
1 294
3 761
1 1973
3 1522
3 392
2 142 1973
5
5
3 294
4 142 1973
1 1499
2 1499 2588
2 1973 2588
3 142
2 1499 3209
3 1973
3 3209
4 1499 2588
1 4776
3 4776
1 1014
2 1014 2588
4 1014 2588
5
1 3222
2 2588 3222
2 1499 3222
2 1014 2588
5
3 2588
4 1499 3222
3 3222
2 1014 1499
4 1014 1499
5
5
3 1014
5
3 1499
5
5
1 1159
1 2087
3 1159
3 2087
5
1 4532
5
5
1 2956
3 4532
1 1094
2 1094 2956
3 2956
3 1094
5
5
5
5
5
5
1 1382
5
5
1 3843
2 1382 3843
3 3843
3 1382
1 3106
5
1 4076
5
1 3664
5
5
2 3106 4076
3 3664
4 3106 4076
2 3106 4076
1 3549
5
5
3 4076
1 2050
3 2050
3 3106
3 3549
5
5
1 4438
1 139
1 808
2 139 808
5
3 808
2 139 4438
3 4438
3 139
1 4702
5
3 4702
1 4723
1 2883
2 2883 4723
5
4 2883 4723
3 4723
3 2883
1 3017
1 4388
5
3 3017
5
3 4388
5
5
1 3914
1 3776
5
2 3776 3914
4 3776 3914
3 3776
3 3914
5
1 1124
1 4300
2 1124 4300
4 1124 4300
1 1897
5
5
1 87
1 2338
5
3 2338
1 270
5
1 3986
1 444
1 4257
5
5
3 4300
1 4252
1 2004
1 429
3 2004
3 4257
2 429 1897
5
3 1897
5
3 4252
1 1954
2 270 1124
3 1954
1 3122
5
5
4 270 1124
2 429 3122
5
2 87 270
2 444 3122
3 429
2 444 3986
5
1 4231
2 1124 3122
3 87
2 270 3986
4 1124 3122
4 444 3986
2 270 4231
3 1124
3 3986
2 270 444
5
1 419
2 419 444
2 270 3122
2 419 4231
4 270 4231
5
2 444 4231
3 4231
5
4 444 3122
5
4 270 444
3 3122
1 3940
5
1 2451
1 2174
2 270 3940
1 441
1 811
3 2451
1 786
5
5
5
1 1484
1 4409
5
5
4 419 444
4 270 3940
1 439
1 1135
2 811 4409
4 811 4409
2 439 1484
5
1 2731
3 441
1 4212
3 2731
5
4 439 1484
1 987
5
5
2 270 439
5
2 811 987
3 2174
1 999
4 270 439
3 999
2 987 1484
2 419 444
4 987 1484
2 811 4212
5
3 1135
3 444
4 811 4212
2 1484 4212
4 1484 4212
1 3028
1 3143
3 3143
1 1361
5
5
1 1824
3 1484
4 811 987
2 419 987
5
1 4668
2 270 1824
4 419 987
4 270 1824
2 270 4668
2 439 786
1 1753
2 419 786
4 439 786
5
2 1753 1824
1 1822
2 270 1361
5
3 439
2 811 3940
2 3940 4212
4 1753 1824
4 270 4668
5
2 270 3028
1 3480
1 723
2 723 987
2 1822 4212
2 270 987
3 1361
5
5
4 811 3940
4 3940 4212
5
1 4203
3 811
5
2 987 4212
5
3 4212
1 2306
3 2306
1 2250
2 1753 4203
2 786 1822
3 3028
3 4409
4 419 786
1 3675
1 2245
3 1753
2 2250 4203
5
3 419
3 723
1 4277
4 786 1822
2 270 1824
5
1 3239
3 3480
3 1824
5
2 270 3239
5
3 270
3 786
2 3239 4277
1 1842
4 2250 4203
5
2 1842 2245
4 1842 2245
3 1822
5
1 2482
1 408
5
1 1656
4 3239 4277
3 2482
3 3239
5
2 408 2245
2 987 3675
1 1932
1 2067
1 1625
2 987 2250
5
1 4263
2 2245 4277
4 987 2250
1 3672
4 408 2245
4 987 3675
3 3940
5
2 4277 4668
3 3672
5
1 839
3 4203
5
1 4815
3 987
2 408 4815
3 1625
3 4263
4 2245 4277
1 671
5
4 4277 4668
2 2245 2250
2 839 4815
5
1 3749
1 2467
2 2245 4815
5
3 1656
5
4 2245 4815
2 2245 4277
2 671 3749
5
1 392
3 2067
2 671 4668
3 1932
2 2245 3675
4 671 4668
1 4219
1 2724
1 1476
1 1922
2 3675 3749
3 4277
4 408 4815
5
1 2280
1 2162
2 2724 4219
4 2245 3675
5
4 839 4815
1 2984
2 408 1842
2 1922 4815
1 2597
3 392
5
1 3108
4 3675 3749
2 2162 2724
1 106
1 1010
5
4 2724 4219
3 3675
2 2250 4219
2 2724 4668
1 4394
4 408 1842
5
5
1 1317
4 2250 4219
5
4 2162 2724
5
4 2724 4668
3 3108
5
1 4596
3 1010
2 2245 4815
2 2162 2245
3 106
2 2162 4394
1 593
1 604
2 1317 2724
3 2724
1 3163
5
4 2245 2250
1 2592
1 3662
3 4394
1 4101
4 671 3749
3 4219
1 3694
1 1043
2 839 2162
3 2245
2 2162 4668
2 2984 3662
4 839 2162
4 2162 4668
1 2174
1 923
3 2174
2 1317 3694
4 2984 3662
4 1922 4815
5
1 2200
5
2 593 1043
4 1317 3694
3 1043
3 3163
3 3662
3 1317
3 593
3 2984
2 839 4815
1 4466
2 4466 4596
4 4466 4596
3 1476
2 604 2200
3 1842
2 839 4101
2 839 4466
3 2280
3 839
4 604 2200
2 923 1922
5
1 4493
2 2162 2597
2 604 4596
1 2163
5
1 626
1 3932
5
4 923 1922
4 2162 2597
3 2162
5
1 3973
4 604 4596
5
2 1922 3973
1 63
5
1 1644
3 923
2 3932 4493
3 2250
3 626
4 1922 3973
3 2597
4 3932 4493
5
1 1735
1 915
1 2186
5
1 3070
1 4682
2 4101 4493
4 4101 4493
2 408 1735
3 4466
1 1086
5
4 408 1735
3 2592
5
2 2200 4493
5
1 1836
1 1393
5
1 3707
4 2200 4493
2 3749 3932
2 2467 4101
3 1735
3 3973
5
5
3 671
4 2467 4101
1 2744
4 3749 3932
5
1 2658
1 2062
2 2658 3707
1 1006
1 1917
5
4 2658 3707
3 1836
3 1006
5
2 2658 4682
4 2658 4682
2 1917 3707
4 1917 3707
2 408 915
5
2 2062 2467
1 4655
1 2035
3 2186
2 2035 2658
2 1917 2200
1 2483
1 3367
4 2035 2658
3 4493
2 1393 3707
3 2658
5
5
1 4736
2 3367 3749
4 3367 3749
1 3114
3 2163
3 2483
3 3749
5
1 2637
5
5
4 1393 3707
4 2062 2467
3 4655
1 2886
2 1393 2744
3 3367
2 63 3694
2 2744 3707
1 3334
3 2886
5
1 839
2 3334 3707
5
1 203
3 3707
5
1 4666
5
3 915
4 63 3694
3 2200
4 1393 2744
3 3694
2 604 1644
2 2062 3070
1 761
2 2467 4666
4 2467 4666
5
2 63 1393
5
1 694
5
5
4 604 1644
2 694 3070
1 2328
3 2062
1 113
1 4299
3 2637
1 2501
2 694 3114
2 4101 4682
1 4035
1 768
5
1 40
5
5
1 1433
5
4 63 1393
1 4034
4 694 3070
3 4035
2 408 4736
4 694 3114
1 4540
5
4 408 4736
3 3334
5
2 63 2501
1 1772
1 3634
3 1433
4 4101 4682
1 4220
3 3070
3 4736
2 1086 4540
5
1 3579
5
2 408 1922
1 4464
4 408 1922
1 986
1 502
4 63 2501
4 1086 4540
2 408 3932
2 63 2035
3 113
3 4540
4 63 2035
1 1191
1 3078
2 694 2467
1 862
1 3087
1 1392
3 768
4 408 3932
1 2512
2 1922 3078
4 694 2467
1 3587
4 1922 3078
3 408
5
1 1533
2 4299 4668
3 203
4 4299 4668
3 3579
1 4150
3 4034
2 502 1191
3 1644
2 761 1772
4 761 1772
5
4 502 1191
2 2328 4596
1 2324
5
3 1922
2 2328 2467
2 2467 4668
2 1086 4299
2 3078 4299
2 2467 3114
4 1086 4299
3 2035
5
2 4299 4682
2 1086 1191
2 3634 4668
4 3078 4299
1 3551
1 2208
1 3931
1 392
4 2328 2467
3 839
1 737
1 1903
1 3657
3 761
2 2501 3657
3 3087
3 3078
4 4299 4682
5
4 3634 4668
1 2620
3 2467
3 3587
1 1209
3 2328
4 2501 3657
1 3426
2 2501 4101
4 2501 4101
3 502
1 1137
1 4110
4 1086 1191
5
2 3657 4666
4 3657 4666
5
2 4110 4220
1 2822
2 2512 4682
5
2 4110 4666
4 2512 4682
5
4 4110 4666
5
2 40 737
1 2841
5
2 737 3426
1 3839
1 1850
1 828
1 2498
2 694 1137
3 4682
4 737 3426
3 3634
3 392
1 45
1 1092
1 1056
3 1393
1 3184
2 1533 4666
5
4 40 737
2 1137 1191
1 3389
3 2620
4 4110 4220
1 887
5
2 1209 4668
4 1137 1191
4 694 1137
2 1533 1903
3 828
4 1533 4666
2 887 2822
1 4649
4 1209 4668
4 1533 1903
2 4101 4110
1 1255
1 487
4 4101 4110
3 2208
3 3114
5
1 3786
3 4668
4 887 2822
1 1447
1 353
1 4398
3 1850
3 1772
2 694 1092
5
2 1917 4398
3 1191
4 1917 4398
3 986
2 1533 4596
4 694 1092
1 3447
3 2498
5
5
4 1533 4596
3 1092
1 3272
5
1 3148
5
2 1086 4299
4 1086 4299
5
5
5
2 353 1255
2 3148 4649
3 353
2 2822 4398
1 1758
2 604 1392
2 1447 4666
5
3 3551
2 3932 4220
1 3056
3 4464
1 2320
5
5
3 3839
1 620
5
2 2841 4220
3 887
1 2882
5
1 1557
1 339
1 4489
1 2288
2 1903 3148
4 3148 4649
4 1447 4666
2 45 487
4 604 1392
1 1729
5
3 4596
1 1293
3 2324
4 3932 4220
1 2448
2 45 3657
1 2011
5
3 3447
4 2841 4220
1 1270
3 4220
1 786
5
4 45 3657
2 1270 4398
1 3725
2 2501 3657
4 45 487
3 862
2 620 3931
2 1917 3056
5
2 1255 2744
1 1854
2 2744 4110
3 1557
3 2501
1 1473
4 620 3931
1 4492
4 2822 4398
3 3184
5
1 1363
1 3303
2 2320 2882
5
3 1473
1 4533
1 55
5
3 1854
2 3426 4398
4 1917 3056
1 1300
3 45
1 4407
3 3931
1 1987
1 2486
3 3303
3 2744
2 604 1086
1 2844
5
2 4398 4533
2 3725 3932
5
3 3056
1 3802
1 510
4 1903 3148
3 3389
2 1255 1917
2 339 2448
3 3148
2 1255 2011
2 2011 2288
3 1300
2 1533 4666
2 3802 4489
1 4640
5
3 2822
4 3725 3932
1 4813
3 1293
2 487 4649
3 737
4 4398 4533
3 63
1 354
4 1270 4398
5
2 354 2486
4 3802 4489
3 786
5
3 4101
1 3720
2 40 1758
2 620 4666
3 3802
2 510 3932
2 1729 3720
3 4666
2 3932 4533
2 4398 4640
5
2 1363 2011
4 510 3932
4 2011 2288
2 1392 2320
5
1 2919
5
1 180
1 307
2 1255 1363
3 2882
1 561
1 4243
1 1890
4 1255 2011
4 40 1758
5
3 4398
5
2 1255 4815
1 8
5
5
3 1987
4 1363 2011
4 354 2486
1 3658
3 4649
5
5
1 1439
5
1 335
3 2448
5
3 1729
2 561 694
5
3 1533
5
1 3182
2 1439 3272
5
5
2 2919 3932
3 2486
3 4815
1 3564
4 604 1086
2 1086 2512
1 3235
5
3 4407
4 1392 2320
3 510
5
5
3 561
2 354 3182
2 335 2288
5
4 1255 1917
2 335 4533
1 514
3 1086
1 1622
1 3840
3 1917
3 694
1 1902
5
1 986
1 2525
2 986 1363
5
1 4269
2 1209 2841
3 3720
5
1 1923
2 1903 2844
4 2919 3932
4 1903 2844
2 1902 4813
4 1209 2841
5
2 2288 3786
3 3840
5
5
3 3235
4 354 3182
1 2507
3 2512
4 1439 3272
5
5
5
1 3654
3 1137
1 1328
3 307
2 2844 2919
1 3383
4 986 1363
1 301
2 620 3658
5
3 1622
5
5
3 1209
5
3 4110
4 335 2288
5
4 335 4533
2 2507 4269
5
2 3725 3932
3 3654
1 1729
3 3658
1 904
1 4303
4 3932 4533
1 1010
2 2841 4303
3 1255
1 1078
2 335 3725
4 2288 3786
5
5
4 2841 4303
4 2507 4269
5
1 1643
5
1 4170
1 3442
3 1056
5
2 301 4813
5
5
3 301
4 335 3725
2 339 3383
3 1328
5
4 1902 4813
1 1887
2 1439 4813
1 4555
1 1454
1 3740
5
3 1923
